     #Energy        Mo_s        Mo_p        Mo_d         O_s         O_p
   -64.38886     0.00000     0.00000     0.00000     0.00000     0.00000
   -64.15686     0.00000     0.00000     0.00000     0.00000     0.00000
   -63.92386     0.00000     0.00000     0.00000     0.00000     0.00000
   -63.69086     0.00000     0.00000     0.00000     0.00000     0.00000
   -63.45886     0.00000     0.00000     0.00000     0.00000     0.00000
   -63.22586     0.00000     0.00000     0.00000     0.00000     0.00000
   -62.99386     0.00000     0.00000     0.00000     0.00000     0.00000
   -62.76086     0.00000     0.00000     0.00000     0.00000     0.00000
   -62.52786     0.00000     0.00000     0.00000     0.00000     0.00000
   -62.29586     0.00000     0.00000     0.00000     0.00000     0.00000
   -62.06286     0.00000     0.00000     0.00000     0.00000     0.00000
   -61.83086     0.00000     0.00000     0.00000     0.00000     0.00000
   -61.59786     0.00000     0.00000     0.00000     0.00000     0.00000
   -61.36486     0.00000     0.00000     0.00000     0.00000     0.00000
   -61.13286   123.11818     0.01157     0.00514     0.00016     0.00006
   -60.89986   654.55060     0.03144     0.08203     0.00027     0.00044
   -60.66786   554.67400     0.04071     0.06106     0.00021     0.00032
   -60.43486     9.11724     0.00079     0.00059     0.00000     0.00000
   -60.20186     0.00000     0.00000     0.00000     0.00000     0.00000
   -59.96986     0.00000     0.00000     0.00000     0.00000     0.00000
   -59.73686     0.00000     0.00000     0.00000     0.00000     0.00000
   -59.50486     0.00000     0.00000     0.00000     0.00000     0.00000
   -59.27186     0.00000     0.00000     0.00000     0.00000     0.00000
   -59.03886     0.00000     0.00000     0.00000     0.00000     0.00000
   -58.80686     0.00000     0.00000     0.00000     0.00000     0.00000
   -58.57386     0.00000     0.00000     0.00000     0.00000     0.00000
   -58.34186     0.00000     0.00000     0.00000     0.00000     0.00000
   -58.10886     0.00000     0.00000     0.00000     0.00000     0.00000
   -57.87586     0.00000     0.00000     0.00000     0.00000     0.00000
   -57.64386     0.00000     0.00000     0.00000     0.00000     0.00000
   -57.41086     0.00000     0.00000     0.00000     0.00000     0.00000
   -57.17886     0.00000     0.00000     0.00000     0.00000     0.00000
   -56.94586     0.00000     0.00000     0.00000     0.00000     0.00000
   -56.71286     0.00000     0.00000     0.00000     0.00000     0.00000
   -56.48086     0.00000     0.00000     0.00000     0.00000     0.00000
   -56.24786     0.00000     0.00000     0.00000     0.00000     0.00000
   -56.01586     0.00000     0.00000     0.00000     0.00000     0.00000
   -55.78286     0.00000     0.00000     0.00000     0.00000     0.00000
   -55.54986     0.00000     0.00000     0.00000     0.00000     0.00000
   -55.31786     0.00000     0.00000     0.00000     0.00000     0.00000
   -55.08486     0.00000     0.00000     0.00000     0.00000     0.00000
   -54.85286     0.00000     0.00000     0.00000     0.00000     0.00000
   -54.61986     0.00000     0.00000     0.00000     0.00000     0.00000
   -54.38686     0.00000     0.00000     0.00000     0.00000     0.00000
   -54.15486     0.00000     0.00000     0.00000     0.00000     0.00000
   -53.92186     0.00000     0.00000     0.00000     0.00000     0.00000
   -53.68986     0.00000     0.00000     0.00000     0.00000     0.00000
   -53.45686     0.00000     0.00000     0.00000     0.00000     0.00000
   -53.22386     0.00000     0.00000     0.00000     0.00000     0.00000
   -52.99186     0.00000     0.00000     0.00000     0.00000     0.00000
   -52.75886     0.00000     0.00000     0.00000     0.00000     0.00000
   -52.52686     0.00000     0.00000     0.00000     0.00000     0.00000
   -52.29386     0.00000     0.00000     0.00000     0.00000     0.00000
   -52.06086     0.00000     0.00000     0.00000     0.00000     0.00000
   -51.82886     0.00000     0.00000     0.00000     0.00000     0.00000
   -51.59586     0.00000     0.00000     0.00000     0.00000     0.00000
   -51.36386     0.00000     0.00000     0.00000     0.00000     0.00000
   -51.13086     0.00000     0.00000     0.00000     0.00000     0.00000
   -50.89786     0.00000     0.00000     0.00000     0.00000     0.00000
   -50.66586     0.00000     0.00000     0.00000     0.00000     0.00000
   -50.43286     0.00000     0.00000     0.00000     0.00000     0.00000
   -50.20086     0.00000     0.00000     0.00000     0.00000     0.00000
   -49.96786     0.00000     0.00000     0.00000     0.00000     0.00000
   -49.73586     0.00000     0.00000     0.00000     0.00000     0.00000
   -49.50286     0.00000     0.00000     0.00000     0.00000     0.00000
   -49.26986     0.00000     0.00000     0.00000     0.00000     0.00000
   -49.03786     0.00000     0.00000     0.00000     0.00000     0.00000
   -48.80486     0.00000     0.00000     0.00000     0.00000     0.00000
   -48.57286     0.00000     0.00000     0.00000     0.00000     0.00000
   -48.33986     0.00000     0.00000     0.00000     0.00000     0.00000
   -48.10686     0.00000     0.00000     0.00000     0.00000     0.00000
   -47.87486     0.00000     0.00000     0.00000     0.00000     0.00000
   -47.64186     0.00000     0.00000     0.00000     0.00000     0.00000
   -47.40986     0.00000     0.00000     0.00000     0.00000     0.00000
   -47.17686     0.00000     0.00000     0.00000     0.00000     0.00000
   -46.94386     0.00000     0.00000     0.00000     0.00000     0.00000
   -46.71186     0.00000     0.00000     0.00000     0.00000     0.00000
   -46.47886     0.00000     0.00000     0.00000     0.00000     0.00000
   -46.24686     0.00000     0.00000     0.00000     0.00000     0.00000
   -46.01386     0.00000     0.00000     0.00000     0.00000     0.00000
   -45.78086     0.00000     0.00000     0.00000     0.00000     0.00000
   -45.54886     0.00000     0.00000     0.00000     0.00000     0.00000
   -45.31586     0.00000     0.00000     0.00000     0.00000     0.00000
   -45.08386     0.00000     0.00000     0.00000     0.00000     0.00000
   -44.85086     0.00000     0.00000     0.00000     0.00000     0.00000
   -44.61786     0.00000     0.00000     0.00000     0.00000     0.00000
   -44.38586     0.00000     0.00000     0.00000     0.00000     0.00000
   -44.15286     0.00000     0.00000     0.00000     0.00000     0.00000
   -43.92086     0.00000     0.00000     0.00000     0.00000     0.00000
   -43.68786     0.00000     0.00000     0.00000     0.00000     0.00000
   -43.45486     0.00000     0.00000     0.00000     0.00000     0.00000
   -43.22286     0.00000     0.00000     0.00000     0.00000     0.00000
   -42.98986     0.00000     0.00000     0.00000     0.00000     0.00000
   -42.75786     0.00000     0.00000     0.00000     0.00000     0.00000
   -42.52486     0.00000     0.00000     0.00000     0.00000     0.00000
   -42.29186     0.00000     0.00000     0.00000     0.00000     0.00000
   -42.05986     0.00000     0.00000     0.00000     0.00000     0.00000
   -41.82686     0.00000     0.00000     0.00000     0.00000     0.00000
   -41.59486     0.00000     0.00000     0.00000     0.00000     0.00000
   -41.36186     0.00000     0.00000     0.00000     0.00000     0.00000
   -41.12886     0.00000     0.00000     0.00000     0.00000     0.00000
   -40.89686     0.00000     0.00000     0.00000     0.00000     0.00000
   -40.66386     0.00000     0.00000     0.00000     0.00000     0.00000
   -40.43186     0.00000     0.00000     0.00000     0.00000     0.00000
   -40.19886     0.00000     0.00000     0.00000     0.00000     0.00000
   -39.96586     0.00000     0.00000     0.00000     0.00000     0.00000
   -39.73386     0.00000     0.00000     0.00000     0.00000     0.00000
   -39.50086     0.00000     0.00000     0.00000     0.00000     0.00000
   -39.26886     0.00000     0.00000     0.00000     0.00000     0.00000
   -39.03586     0.00000     0.00000     0.00000     0.00000     0.00000
   -38.80286     0.00000     0.00000     0.00000     0.00000     0.00000
   -38.57086     0.00000     0.00000     0.00000     0.00000     0.00000
   -38.33786     0.00000     0.00000     0.00000     0.00000     0.00000
   -38.10586     0.00000     0.00000     0.00000     0.00000     0.00000
   -37.87286     0.00000     0.00000     0.00000     0.00000     0.00000
   -37.63986     0.00000     0.00000     0.00000     0.00000     0.00000
   -37.40786     0.00000     0.00000     0.00000     0.00000     0.00000
   -37.17486     0.00000     0.00000     0.00000     0.00000     0.00000
   -36.94286     0.00000     0.00000     0.00000     0.00000     0.00000
   -36.70986     0.00000     0.00000     0.00000     0.00000     0.00000
   -36.47686     0.00000     0.00000     0.00000     0.00000     0.00000
   -36.24486     0.00000     0.00000     0.00000     0.00000     0.00000
   -36.01186     0.00000     0.00000     0.00000     0.00000     0.00000
   -35.77986     0.02376    81.23823     0.04894     0.00679     0.00219
   -35.54686     0.12889   363.85860     0.28834     0.01284     0.00259
   -35.31386     0.12957   359.02290     0.37745     0.01414     0.00782
   -35.08186     0.10109   377.58260     0.44639     0.00887     0.01486
   -34.84886     0.06235   413.37980     0.43725     0.00547     0.00393
   -34.61686     0.10051   504.61200     0.32150     0.00242     0.00167
   -34.38386     0.03823   317.98620     0.15591     0.00026     0.00073
   -34.15086     0.00000     0.00000     0.00000     0.00000     0.00000
   -33.91886     0.00000     0.00000     0.00000     0.00000     0.00000
   -33.68586     0.00000     0.00000     0.00000     0.00000     0.00000
   -33.45386     0.00000     0.00000     0.00000     0.00000     0.00000
   -33.22086     0.00000     0.00000     0.00000     0.00000     0.00000
   -32.98786     0.00000     0.00000     0.00000     0.00000     0.00000
   -32.75586     0.00000     0.00000     0.00000     0.00000     0.00000
   -32.52286     0.00000     0.00000     0.00000     0.00000     0.00000
   -32.29086     0.00000     0.00000     0.00000     0.00000     0.00000
   -32.05786     0.00000     0.00000     0.00000     0.00000     0.00000
   -31.82486     0.00000     0.00000     0.00000     0.00000     0.00000
   -31.59286     0.00000     0.00000     0.00000     0.00000     0.00000
   -31.35986     0.00000     0.00000     0.00000     0.00000     0.00000
   -31.12786     0.00000     0.00000     0.00000     0.00000     0.00000
   -30.89486     0.00000     0.00000     0.00000     0.00000     0.00000
   -30.66186     0.00000     0.00000     0.00000     0.00000     0.00000
   -30.42986     0.00000     0.00000     0.00000     0.00000     0.00000
   -30.19686     0.00000     0.00000     0.00000     0.00000     0.00000
   -29.96486     0.00000     0.00000     0.00000     0.00000     0.00000
   -29.73186     0.00000     0.00000     0.00000     0.00000     0.00000
   -29.49886     0.00000     0.00000     0.00000     0.00000     0.00000
   -29.26686     0.00000     0.00000     0.00000     0.00000     0.00000
   -29.03386     0.00000     0.00000     0.00000     0.00000     0.00000
   -28.80186     0.00000     0.00000     0.00000     0.00000     0.00000
   -28.56886     0.00000     0.00000     0.00000     0.00000     0.00000
   -28.33586     0.00000     0.00000     0.00000     0.00000     0.00000
   -28.10386     0.00000     0.00000     0.00000     0.00000     0.00000
   -27.87086     0.00000     0.00000     0.00000     0.00000     0.00000
   -27.63886     0.00000     0.00000     0.00000     0.00000     0.00000
   -27.40586     0.00000     0.00000     0.00000     0.00000     0.00000
   -27.17286     0.00000     0.00000     0.00000     0.00000     0.00000
   -26.94086     0.00000     0.00000     0.00000     0.00000     0.00000
   -26.70786     0.00000     0.00000     0.00000     0.00000     0.00000
   -26.47586     0.00000     0.00000     0.00000     0.00000     0.00000
   -26.24286     0.00000     0.00000     0.00000     0.00000     0.00000
   -26.01086     0.00000     0.00000     0.00000     0.00000     0.00000
   -25.77786     0.00000     0.00000     0.00000     0.00000     0.00000
   -25.54486     0.00000     0.00000     0.00000     0.00000     0.00000
   -25.31286     0.00000     0.00000     0.00000     0.00000     0.00000
   -25.07986     0.00000     0.00000     0.00000     0.00000     0.00000
   -24.84786     0.00000     0.00000     0.00000     0.00000     0.00000
   -24.61486     0.00000     0.00000     0.00000     0.00000     0.00000
   -24.38186     0.00000     0.00000     0.00000     0.00000     0.00000
   -24.14986     0.00000     0.00000     0.00000     0.00000     0.00000
   -23.91686     0.00000     0.00000     0.00000     0.00000     0.00000
   -23.68486     0.00000     0.00000     0.00000     0.00000     0.00000
   -23.45186     0.00000     0.00000     0.00000     0.00000     0.00000
   -23.21886     0.00000     0.00000     0.00000     0.00000     0.00000
   -22.98686     0.00000     0.00000     0.00000     0.00000     0.00000
   -22.75386     0.00000     0.00000     0.00000     0.00000     0.00000
   -22.52186     0.00000     0.00000     0.00000     0.00000     0.00000
   -22.28886     0.00000     0.00000     0.00000     0.00000     0.00000
   -22.05586     0.00000     0.00000     0.00000     0.00000     0.00000
   -21.82386     0.00000     0.00000     0.00000     0.00000     0.00000
   -21.59086     0.00000     0.00000     0.00000     0.00000     0.00000
   -21.35886     0.00000     0.00000     0.00000     0.00000     0.00000
   -21.12586     0.00000     0.00000     0.00000     0.00000     0.00000
   -20.89286     0.00000     0.00000     0.00000     0.00000     0.00000
   -20.66086     0.00000     0.00000     0.00000     0.00000     0.00000
   -20.42786     0.00000     0.00000     0.00000     0.00000     0.00000
   -20.19586     0.00000     0.00000     0.00000     0.00000     0.00000
   -19.96286     0.00000     0.00000     0.00000     0.00000     0.00000
   -19.72986     0.00000     0.00000     0.00000     0.00000     0.00000
   -19.49786     0.00000     0.00000     0.00000     0.00000     0.00000
   -19.26486     0.08394     0.16280     0.24600     6.48700     0.04541
   -19.03286     0.00000     0.00000     0.00000     0.00000     0.00000
   -18.79986     0.00000     0.00000     0.00000     0.00000     0.00000
   -18.56686     0.00000     0.00000     0.00000     0.00000     0.00000
   -18.33486     0.00000     0.00000     0.00000     0.00000     0.00000
   -18.10186     0.00000     0.00000     0.00000     0.00000     0.00000
   -17.86986     0.00000     0.00000     0.00000     0.00000     0.00000
   -17.63686     0.00000     0.00000     0.00000     0.00000     0.00000
   -17.40386     0.00000     0.00000     0.00000     0.00000     0.00000
   -17.17186     0.00000     0.00000     0.00000     0.00000     0.00000
   -16.93886     0.00000     0.00000     0.00000     0.00000     0.00000
   -16.70686     0.00000     0.00000     0.00000     0.00000     0.00000
   -16.47386     0.00000     0.00000     0.00000     0.00000     0.00000
   -16.24086     0.00000     0.00000     0.00000     0.00000     0.00000
   -16.00886     0.00000     0.00000     0.00000     0.00000     0.00000
   -15.77586     0.00000     0.00000     0.00000     0.00000     0.00000
   -15.54386     0.00000     0.00000     0.00000     0.00000     0.00000
   -15.31086     0.00000     0.00000     0.00000     0.00000     0.00000
   -15.07786     0.00000     0.00000     0.00000     0.00000     0.00000
   -14.84586     0.00000     0.00000     0.00000     0.00000     0.00000
   -14.61286     0.00000     0.00000     0.00000     0.00000     0.00000
   -14.38086     0.00000     0.00000     0.00000     0.00000     0.00000
   -14.14786     0.00000     0.00000     0.00000     0.00000     0.00000
   -13.91486     0.00000     0.00000     0.00000     0.00000     0.00000
   -13.68286     0.00000     0.00000     0.00000     0.00000     0.00000
   -13.44986     0.00000     0.00000     0.00000     0.00000     0.00000
   -13.21786     0.00000     0.00000     0.00000     0.00000     0.00000
   -12.98486     0.00000     0.00000     0.00000     0.00000     0.00000
   -12.75186     0.00000     0.00000     0.00000     0.00000     0.00000
   -12.51986     0.00000     0.00000     0.00000     0.00000     0.00000
   -12.28686     0.00000     0.00000     0.00000     0.00000     0.00000
   -12.05486     0.00000     0.00000     0.00000     0.00000     0.00000
   -11.82186     0.00000     0.00000     0.00000     0.00000     0.00000
   -11.58886     0.00000     0.00000     0.00000     0.00000     0.00000
   -11.35686     0.00000     0.00000     0.00000     0.00000     0.00000
   -11.12386     0.00000     0.00000     0.00000     0.00000     0.00000
   -10.89186     0.00000     0.00000     0.00000     0.00000     0.00000
   -10.65886     0.00000     0.00000     0.00000     0.00000     0.00000
   -10.42586     0.00000     0.00000     0.00000     0.00000     0.00000
   -10.19386     0.00000     0.00000     0.00000     0.00000     0.00000
    -9.96086     0.00000     0.00000     0.00000     0.00000     0.00000
    -9.72886     0.00000     0.00000     0.00000     0.00000     0.00000
    -9.49586     0.00000     0.00000     0.00000     0.00000     0.00000
    -9.26286     0.00000     0.00000     0.00000     0.00000     0.00000
    -9.03086     0.00000     0.00000     0.00000     0.00000     0.00000
    -8.79786     0.00000     0.00000     0.00000     0.00000     0.00000
    -8.56586     0.00000     0.00000     0.00000     0.00000     0.00000
    -8.33286     0.00000     0.00000     0.00000     0.00000     0.00000
    -8.09986     0.00000     0.00000     0.00000     0.00000     0.00000
    -7.86786     0.00000     0.00000     0.00000     0.00000     0.00000
    -7.63486     0.00000     0.00000     0.00000     0.00000     0.00000
    -7.40286     0.00000     0.00000     0.00000     0.00000     0.00000
    -7.16986     0.00000     0.00000     0.00000     0.00000     0.00000
    -6.93686     0.00000     0.00000     0.00000     0.00000     0.00000
    -6.70486     0.56769     0.01368     0.00338     0.00054     0.00323
    -6.47186     1.29027     0.05036     0.03475     0.00092     0.05106
    -6.23986     1.61731     0.08154     0.10773     0.00066     0.20297
    -6.00686     2.48471     0.21035     0.91444     0.00639     2.10765
    -5.77386     2.51528     0.43528     3.74814     0.09211     7.59900
    -5.54186     3.93071     0.43102     1.50907     0.03719     1.00952
    -5.30886     4.27510     0.47687     1.52691     0.00190     0.18215
    -5.07686     3.55592     0.45364     3.40843     0.00032     0.04819
    -4.84386    13.50807     1.96986    25.42375     0.00367     0.16940
    -4.61086     9.12464     1.45269    31.67910     0.00413     0.14770
    -4.37886    17.41460     3.29069    58.06943     0.00458     0.17848
    -4.14586    10.68454     2.67422    49.58185     0.00274     0.17859
    -3.91386    11.37877     3.91657    68.70576     0.00362     0.16469
    -3.68086    13.65336     5.65526    96.48619     0.00919     0.28927
    -3.44786    13.92994     5.46675   105.26999     0.00445     0.31220
    -3.21586     6.73114     3.57417    62.09037     0.00312     0.24329
    -2.98286     6.22223     5.92787   144.42030     0.00191     0.31068
    -2.75086     3.28776     6.72670   155.48846     0.00356     0.55967
    -2.51786     1.27523     4.42854    90.13304     0.00225     0.19214
    -2.28586     3.33318     5.43818   121.98371     0.00488     0.24390
    -2.05286     3.29871     5.48143    84.64630     0.00462     0.26572
    -1.81986     4.10415     7.18087    92.68218     0.00284     0.35670
    -1.58786     3.44991     7.21407    87.71263     0.00289     0.24214
    -1.35486     3.63701     7.76132    80.31448     0.00297     0.24182
    -1.12286     2.46922     8.35271    75.96646     0.00869     0.72208
    -0.88986     1.44272     3.88936    41.31120     0.00300     0.31036
    -0.65686     1.25424     3.31174    54.73242     0.00437     0.11865
    -0.42486     1.88955     5.66684    90.46526     0.00988     0.12351
    -0.19186     1.62379     4.14467    61.87270     0.00318     0.08023
     0.04014     1.36723     3.48932    60.24551     0.00320     0.19039
     0.27314     1.33888     3.87868    77.35192     0.01170     0.27902
     0.50614     1.84033     5.93402    88.57317     0.01249     0.26886
     0.73814     1.03987     2.81995    63.51816     0.00979     0.16648
     0.97114     1.33358     3.08031    85.64778     0.01158     0.49508
     1.20314     1.34783     3.47363   115.63501     0.00869     0.27572
     1.43614     2.19010     4.20877   140.42580     0.03711     0.30944
     1.66914     2.65091     4.72069   180.26920     0.03695     0.13691
     1.90114     1.61700     3.75730   149.54190     0.03995     0.13066
     2.13414     0.52847     1.15891    50.82551     0.02272     0.08817
     2.36614     0.00000     0.00000     0.00000     0.00000     0.00000
     2.59914     0.00000     0.00000     0.00000     0.00000     0.00000
     2.83214     0.00000     0.00000     0.00000     0.00000     0.00000
     3.06414     0.00000     0.00000     0.00000     0.00000     0.00000
     3.29714     0.00000     0.00000     0.00000     0.00000     0.00000
     3.52914     0.00000     0.00000     0.00000     0.00000     0.00000
     3.76214     0.00000     0.00000     0.00000     0.00000     0.00000
     3.99514     0.00000     0.00000     0.00000     0.00000     0.00000
     4.22714     0.00000     0.00000     0.00000     0.00000     0.00000
     4.46014     0.00000     0.00000     0.00000     0.00000     0.00000
     4.69214     0.00000     0.00000     0.00000     0.00000     0.00000
     4.92514     0.00000     0.00000     0.00000     0.00000     0.00000
     5.15814     0.00000     0.00000     0.00000     0.00000     0.00000
     5.39014     0.00000     0.00000     0.00000     0.00000     0.00000
