Automatically generated mesh
      96
Reciprocal lattice
    0.08333333333334    0.08333333333334   -0.00000000000000             2
    0.25000000000000    0.08333333333334   -0.00000000000000             4
    0.41666666666666    0.08333333333334   -0.00000000000001             4
   -0.41666666666666    0.08333333333334    0.00000000000001             4
   -0.25000000000000    0.08333333333334    0.00000000000000             4
   -0.08333333333334    0.08333333333334    0.00000000000000             2
    0.25000000000000    0.25000000000000   -0.00000000000001             2
    0.41666666666666    0.25000000000000    0.00000000000001             4
   -0.41666666666666    0.25000000000000    0.00000000000000             4
   -0.25000000000000    0.25000000000000    0.00000000000000             2
    0.41666666666666    0.41666666666666    0.00000000000000             2
   -0.41666666666666    0.41666666666666    0.00000000000000             2
    0.08333333333334    0.08333333333334    0.11111111111111             2
    0.25000000000000    0.08333333333334    0.11111111111111             4
    0.41666666666666    0.08333333333334    0.11111111111111             4
   -0.41666666666666    0.08333333333334    0.11111111111112             4
   -0.25000000000000    0.08333333333334    0.11111111111111             4
   -0.08333333333334    0.08333333333334    0.11111111111111             4
    0.25000000000000    0.25000000000000    0.11111111111111             2
    0.41666666666666    0.25000000000000    0.11111111111112             4
   -0.41666666666666    0.25000000000000    0.11111111111111             4
   -0.25000000000000    0.25000000000000    0.11111111111111             4
   -0.08333333333334    0.25000000000000    0.11111111111111             4
    0.41666666666666    0.41666666666666    0.11111111111111             2
   -0.41666666666666    0.41666666666666    0.11111111111111             4
   -0.25000000000000    0.41666666666666    0.11111111111111             4
   -0.08333333333334    0.41666666666666    0.11111111111111             4
   -0.41666666666666   -0.41666666666666    0.11111111111111             2
   -0.25000000000000   -0.41666666666666    0.11111111111111             4
   -0.08333333333334   -0.41666666666666    0.11111111111111             4
   -0.25000000000000   -0.25000000000000    0.11111111111111             2
   -0.08333333333334   -0.25000000000000    0.11111111111111             4
   -0.08333333333334   -0.08333333333334    0.11111111111111             2
    0.08333333333334    0.08333333333334    0.22222222222222             2
    0.25000000000000    0.08333333333334    0.22222222222222             4
    0.41666666666666    0.08333333333334    0.22222222222222             4
   -0.41666666666666    0.08333333333334    0.22222222222223             4
   -0.25000000000000    0.08333333333334    0.22222222222223             4
   -0.08333333333334    0.08333333333334    0.22222222222222             4
    0.25000000000000    0.25000000000000    0.22222222222222             2
    0.41666666666666    0.25000000000000    0.22222222222223             4
   -0.41666666666666    0.25000000000000    0.22222222222223             4
   -0.25000000000000    0.25000000000000    0.22222222222222             4
   -0.08333333333334    0.25000000000000    0.22222222222222             4
    0.41666666666666    0.41666666666666    0.22222222222223             2
   -0.41666666666666    0.41666666666666    0.22222222222222             4
   -0.25000000000000    0.41666666666666    0.22222222222222             4
   -0.08333333333334    0.41666666666666    0.22222222222222             4
   -0.41666666666666   -0.41666666666666    0.22222222222222             2
   -0.25000000000000   -0.41666666666666    0.22222222222222             4
   -0.08333333333334   -0.41666666666666    0.22222222222222             4
   -0.25000000000000   -0.25000000000000    0.22222222222222             2
   -0.08333333333334   -0.25000000000000    0.22222222222222             4
   -0.08333333333334   -0.08333333333334    0.22222222222223             2
    0.08333333333334    0.08333333333334    0.33333333333333             2
    0.25000000000000    0.08333333333334    0.33333333333333             4
    0.41666666666666    0.08333333333334    0.33333333333333             4
   -0.41666666666666    0.08333333333334    0.33333333333334             4
   -0.25000000000000    0.08333333333334    0.33333333333334             4
   -0.08333333333334    0.08333333333334    0.33333333333333             4
    0.25000000000000    0.25000000000000    0.33333333333333             2
    0.41666666666666    0.25000000000000    0.33333333333334             4
   -0.41666666666666    0.25000000000000    0.33333333333334             4
   -0.25000000000000    0.25000000000000    0.33333333333333             4
   -0.08333333333334    0.25000000000000    0.33333333333333             4
    0.41666666666666    0.41666666666666    0.33333333333334             2
   -0.41666666666666    0.41666666666666    0.33333333333333             4
   -0.25000000000000    0.41666666666666    0.33333333333333             4
   -0.08333333333334    0.41666666666666    0.33333333333333             4
   -0.41666666666666   -0.41666666666666    0.33333333333333             2
   -0.25000000000000   -0.41666666666666    0.33333333333333             4
   -0.08333333333334   -0.41666666666666    0.33333333333333             4
   -0.25000000000000   -0.25000000000000    0.33333333333333             2
   -0.08333333333334   -0.25000000000000    0.33333333333333             4
   -0.08333333333334   -0.08333333333334    0.33333333333334             2
    0.08333333333334    0.08333333333334    0.44444444444444             2
    0.25000000000000    0.08333333333334    0.44444444444444             4
    0.41666666666666    0.08333333333334    0.44444444444444             4
   -0.41666666666666    0.08333333333334    0.44444444444445             4
   -0.25000000000000    0.08333333333334    0.44444444444445             4
   -0.08333333333334    0.08333333333334    0.44444444444445             4
    0.25000000000000    0.25000000000000    0.44444444444444             2
    0.41666666666666    0.25000000000000    0.44444444444445             4
   -0.41666666666666    0.25000000000000    0.44444444444445             4
   -0.25000000000000    0.25000000000000    0.44444444444445             4
   -0.08333333333334    0.25000000000000    0.44444444444444             4
    0.41666666666666    0.41666666666666    0.44444444444445             2
   -0.41666666666666    0.41666666666666    0.44444444444445             4
   -0.25000000000000    0.41666666666666    0.44444444444444             4
   -0.08333333333334    0.41666666666666    0.44444444444444             4
   -0.41666666666666   -0.41666666666666    0.44444444444444             2
   -0.25000000000000   -0.41666666666666    0.44444444444444             4
   -0.08333333333334   -0.41666666666666    0.44444444444445             4
   -0.25000000000000   -0.25000000000000    0.44444444444445             2
   -0.08333333333334   -0.25000000000000    0.44444444444444             4
   -0.08333333333334   -0.08333333333334    0.44444444444445             2
