?
20.02971 1775
20.06313 1723
20.09656 1771
20.12998 1755
20.1634  1739
20.19682 1806
20.23025 1759
20.26367 1715
20.29709 1761
20.33051 1692
20.36394 1711
20.39736 1778
20.43078 1784
20.4642  1841
20.49763 1736
20.53105 1750
20.56447 1653
20.59789 1646
20.63132 1646
20.66474 1683
20.69816 1652
20.73158 1640
20.76501 1727
20.79843 1709
20.83185 1730
20.86527 1718
20.8987  1571
20.93212 1682
20.96554 1736
20.99896 1616
21.03239 1675
21.06581 1682
21.09923 1640
21.13265 1692
21.16608 1744
21.1995  1698
21.23292 1688
21.26634 1615
21.29977 1576
21.33319 1596
21.36661 1692
21.40003 1638
21.43346 1644
21.46688 1658
21.5003  1671
21.53373 1643
21.56715 1651
21.60057 1639
21.63399 1600
21.66742 1640
21.70084 1660
21.73426 1583
21.76768 1584
21.80111 1621
21.83453 1619
21.86795 1569
21.90137 1591
21.9348  1613
21.96822 1623
22.00164 1560
22.03506 1608
22.06849 1658
22.10191 1633
22.13533 1656
22.16875 1537
22.20218 1607
22.2356  1678
22.26902 1604
22.30244 1628
22.33587 1736
22.36929 1665
22.40271 1600
22.43613 1640
22.46956 1593
22.50298 1686
22.5364  1590
22.56982 1614
22.60325 1600
22.63667 1612
22.67009 1593
22.70351 1555
22.73694 1526
22.77036 1550
22.80378 1567
22.8372  1602
22.87063 1584
22.90405 1587
22.93747 1576
22.97089 1558
23.00432 1564
23.03774 1561
23.07116 1532
23.10458 1591
23.13801 1450
23.17143 1484
23.20485 1541
23.23827 1436
23.2717  1523
23.30512 1514
23.33854 1588
23.37197 1550
23.40539 1587
23.43881 1510
23.47223 1561
23.50566 1482
23.53908 1487
23.5725  1560
23.60592 1554
23.63935 1587
23.67277 1550
23.70619 1474
23.73961 1460
23.77304 1500
23.80646 1464
23.83988 1486
23.8733  1501
23.90672 1449
23.94015 1518
23.97357 1498
24.00699 1523
24.04041 1541
24.07384 1471
24.10726 1544
24.14068 1497
24.1741  1454
24.20753 1485
24.24095 1498
24.27437 1463
24.3078  1450
24.34122 1383
24.37464 1477
24.40806 1464
24.44149 1508
24.47491 1452
24.50833 1541
24.54175 1470
24.57518 1461
24.6086  1436
24.64202 1412
24.67544 1378
24.70887 1400
24.74229 1427
24.77571 1469
24.80913 1357
24.84256 1412
24.87598 1410
24.9094  1339
24.94282 1424
24.97625 1304
25.00967 1467
25.04309 1398
25.07651 1382
25.10994 1400
25.14336 1380
25.17678 1368
25.2102  1390
25.24363 1430
25.27705 1360
25.31047 1413
25.34389 1422
25.37732 1342
25.41074 1325
25.44416 1417
25.47758 1359
25.51101 1366
25.54443 1443
25.57785 1363
25.61127 1363
25.6447  1323
25.67812 1379
25.71154 1387
25.74496 1431
25.77839 1388
25.81181 1448
25.84523 1411
25.87865 1364
25.91208 1272
25.9455  1309
25.97892 1288
26.01234 1388
26.04577 1357
26.07919 1328
26.11261 1329
26.14603 1379
26.17946 1331
26.21288 1300
26.2463  1286
26.27973 1312
26.31315 1372
26.34657 1359
26.37999 1262
26.41342 1242
26.44684 1372
26.48026 1325
26.51368 1301
26.54711 1297
26.58053 1237
26.61395 1265
26.64737 1247
26.6808  1318
26.71422 1282
26.74764 1214
26.78106 1283
26.81449 1257
26.84791 1211
26.88133 1228
26.91475 1320
26.94818 1238
26.9816  1262
27.01502 1250
27.04844 1249
27.08187 1237
27.11529 1260
27.14871 1257
27.18213 1197
27.21556 1298
27.24898 1229
27.2824  1263
27.31582 1235
27.34925 1223
27.38267 1210
27.41609 1167
27.44951 1248
27.48294 1159
27.51636 1190
27.54978 1129
27.5832  1212
27.61663 1228
27.65005 1208
27.68347 1188
27.71689 1177
27.75032 1245
27.78374 1188
27.81716 1214
27.85058 1189
27.88401 1168
27.91743 1111
27.95085 1156
27.98427 1182
28.0177  1171
28.05112 1239
28.08454 1100
28.11797 1170
28.15139 1125
28.18481 1147
28.21823 1126
28.25166 1097
28.28508 1215
28.3185  1191
28.35192 1133
28.38535 1201
28.41877 1103
28.45219 1165
28.48561 1188
28.51904 1167
28.55246 1117
28.58588 1158
28.6193  1203
28.65273 1201
28.68615 1180
28.71957 1233
28.75299 1253
28.78642 1369
28.81984 1353
28.85326 1324
28.88668 1455
28.9201  1436
28.95353 1422
28.98695 1446
29.02037 1418
29.05379 1337
29.08722 1277
29.12064 1245
29.15406 1210
29.18749 1147
29.22091 1144
29.25433 1106
29.28775 1192
29.32118 1034
29.3546  1099
29.38802 1106
29.42144 1085
29.45487 1108
29.48829 1071
29.52171 1051
29.55513 1061
29.58856 1050
29.62198 1069
29.6554  954
29.68882 1084
29.72225 1032
29.75567 1020
29.78909 1066
29.82251 1040
29.85594 1074
29.88936 1037
29.92278 1038
29.9562  1060
29.98963 1000
30.02305 1070
30.05647 1025
30.0899  977
30.12332 1010
30.15674 1108
30.19016 1008
30.22359 1078
30.25701 1028
30.29043 1074
30.32385 1100
30.35728 1163
30.3907  1156
30.42412 1121
30.45754 1149
30.49096 1119
30.52439 1108
30.55781 1170
30.59123 1067
30.62465 1058
30.65808 1086
30.6915  1032
30.72492 1051
30.75834 963
30.79177 1061
30.82519 1013
30.85861 1108
30.89203 1106
30.92546 1082
30.95888 1097
30.9923  1020
31.02573 1126
31.05915 1178
31.09257 1183
31.12599 1141
31.15942 1284
31.19284 1222
31.22626 1177
31.25968 1105
31.29311 1078
31.32653 1096
31.35995 1093
31.39337 1047
31.4268  1093
31.46022 1021
31.49364 1063
31.52706 985
31.56049 1062
31.59391 977
31.62733 944
31.66075 995
31.69418 1036
31.7276  972
31.76102 968
31.79444 977
31.82787 908
31.86129 1014
31.89471 937
31.92813 932
31.96156 996
31.99498 929
32.0284  930
32.06182 936
32.09525 913
32.12867 973
32.16209 997
32.19551 955
32.22894 964
32.26236 937
32.29578 936
32.3292  977
32.36263 963
32.39605 866
32.42947 973
32.46289 929
32.49632 903
32.52974 886
32.56316 909
32.59658 964
32.63001 894
32.66343 944
32.69685 896
32.73027 919
32.7637  901
32.79712 952
32.83054 926
32.86396 891
32.89739 938
32.93081 927
32.96423 941
32.99765 903
33.03108 964
33.0645  940
33.09792 950
33.13134 969
33.16477 855
33.19819 962
33.23161 918
33.26503 936
33.29846 869
33.33188 908
33.3653  934
33.39873 903
33.43215 848
33.46557 922
33.49899 846
33.53242 881
33.56584 976
33.59926 920
33.63268 879
33.66611 937
33.69953 890
33.73295 914
33.76637 921
33.7998  914
33.83322 901
33.86664 909
33.90006 855
33.93349 904
33.96691 941
34.00033 870
34.03375 825
34.06718 909
34.1006  914
34.13402 907
34.16744 906
34.20087 886
34.23429 897
34.26771 820
34.30114 904
34.33456 858
34.36798 854
34.4014  870
34.43483 838
34.46825 858
34.50167 839
34.53509 867
34.56852 812
34.60194 900
34.63536 843
34.66878 884
34.70221 789
34.73563 905
34.76905 881
34.80247 825
34.8359  867
34.86932 825
34.90274 856
34.93616 871
34.96959 851
35.00301 850
35.03643 802
35.06985 875
35.10328 850
35.1367  874
35.17012 854
35.20354 866
35.23697 854
35.27039 835
35.30381 875
35.33723 877
35.37066 835
35.40408 869
35.4375  939
35.47092 870
35.50434 887
35.53777 894
35.57119 884
35.60461 890
35.63803 809
35.67146 838
35.70488 874
35.7383  820
35.77172 822
35.80515 847
35.83857 822
35.87199 834
35.90541 842
35.93884 818
35.97226 833
36.00568 856
36.0391  847
36.07253 837
36.10595 854
36.13937 815
36.17279 849
36.20622 844
36.23964 771
36.27306 819
36.30649 871
36.33991 842
36.37333 856
36.40675 839
36.44018 794
36.4736  764
36.50702 775
36.54044 877
36.57387 800
36.60729 825
36.64071 774
36.67413 845
36.70756 800
36.74098 764
36.7744  850
36.80782 819
36.84125 806
36.87467 780
36.90809 785
36.94151 807
36.97494 829
37.00836 790
37.04178 760
37.0752  798
37.10863 815
37.14205 796
37.17547 822
37.2089  789
37.24232 808
37.27574 802
37.30916 790
37.34259 842
37.37601 788
37.40943 768
37.44285 804
37.47628 780
37.5097  796
37.54312 792
37.57654 872
37.60997 863
37.64339 806
37.67681 814
37.71023 791
37.74366 826
37.77708 925
37.8105  902
37.84392 882
37.87735 893
37.91077 836
37.94419 812
37.97761 812
38.01104 850
38.04446 780
38.07788 877
38.11131 900
38.14473 859
38.17815 891
38.21157 930
38.245   1146
38.27842 1367
38.31184 1857
38.34526 2450
38.37868 3434
38.41211 4833
38.44553 4767
38.47895 3759
38.51237 3318
38.5458  2780
38.57922 1964
38.61264 1447
38.64606 1050
38.67949 927
38.71291 940
38.74633 883
38.77975 878
38.81318 873
38.8466  945
38.88002 858
38.91344 878
38.94687 882
38.98029 889
39.01371 839
39.04713 865
39.08056 883
39.11398 785
39.1474  847
39.18082 798
39.21425 854
39.24767 860
39.28109 756
39.31451 742
39.34794 763
39.38136 820
39.41478 771
39.4482  764
39.48163 681
39.51505 732
39.54847 762
39.58189 755
39.61532 752
39.64874 703
39.68216 719
39.71558 766
39.74901 790
39.78243 747
39.81585 776
39.84927 809
39.8827  759
39.91612 724
39.94954 787
39.98296 739
40.01639 759
40.04981 764
40.08323 807
40.11666 746
40.15008 830
40.1835  827
40.21692 832
40.25035 806
40.28377 811
40.31719 752
40.35061 739
40.38404 738
40.41746 715
40.45088 739
40.4843  782
40.51773 764
40.55115 763
40.58457 741
40.61799 780
40.65142 823
40.68484 735
40.71826 799
40.75168 773
40.78511 752
40.81853 748
40.85195 760
40.88537 763
40.9188  720
40.95222 728
40.98564 707
41.01907 774
41.05249 693
41.08591 721
41.11933 735
41.15276 770
41.18618 759
41.2196  735
41.25302 681
41.28645 755
41.31987 778
41.35329 697
41.38671 768
41.42014 730
41.45356 688
41.48698 733
41.5204  723
41.55383 695
41.58725 742
41.62067 756
41.65409 768
41.68752 766
41.72094 750
41.75436 783
41.78778 796
41.82121 838
41.85463 846
41.88805 796
41.92147 762
41.9549  804
41.98832 771
42.02174 740
42.05516 736
42.08858 774
42.12201 688
42.15543 736
42.18885 718
42.22227 729
42.2557  675
42.28912 711
42.32254 715
42.35596 728
42.38939 683
42.42281 741
42.45623 737
42.48965 720
42.52308 675
42.5565  696
42.58992 752
42.62334 746
42.65677 763
42.69019 733
42.72361 766
42.75703 799
42.79046 770
42.82388 786
42.8573  783
42.89073 727
42.92415 740
42.95757 794
42.99099 699
43.02442 779
43.05784 732
43.09126 809
43.12468 765
43.15811 794
43.19153 812
43.22495 761
43.25837 748
43.2918  701
43.32522 770
43.35864 721
43.39206 731
43.42549 741
43.45891 728
43.49233 753
43.52575 776
43.55918 774
43.5926  748
43.62602 696
43.65944 782
43.69287 696
43.72629 738
43.75971 718
43.79313 768
43.82656 723
43.85998 742
43.8934  764
43.92683 804
43.96025 801
43.99367 855
44.02709 832
44.06052 837
44.09394 838
44.12736 889
44.16078 875
44.19421 874
44.22763 890
44.26105 987
44.29447 1019
44.3279  1102
44.36132 1428
44.39474 1396
44.42816 1550
44.46159 1821
44.49501 2365
44.52843 3133
44.56185 4697
44.59528 7263
44.6287  10746
44.66212 15350
44.69554 16060
44.72897 13026
44.76239 10735
44.79581 9661
44.82924 7678
44.86266 4693
44.89608 2863
44.9295  2035
44.96292 1590
44.99635 1447
45.02977 1198
45.06319 1081
45.09661 1022
45.13004 932
45.16346 1003
45.19688 887
45.2303  907
45.26373 909
45.29715 874
45.33057 886
45.36399 924
45.39742 847
45.43084 843
45.46426 789
45.49768 788
45.53111 786
45.56453 827
45.59795 773
45.63137 731
45.66479 709
45.69822 679
45.73164 691
45.76506 764
45.79849 666
45.83191 693
45.86533 658
45.89875 681
45.93218 672
45.9656  679
45.99902 693
46.03244 626
46.06587 668
46.09929 697
46.13271 654
46.16613 712
46.19956 715
46.23298 664
46.2664  625
46.29982 690
46.33325 720
46.36667 670
46.40009 640
46.43351 721
46.46694 693
46.50036 690
46.53378 648
46.5672  692
46.60063 645
46.63405 647
46.66747 728
46.7009  708
46.73432 681
46.76774 677
46.80116 696
46.83459 697
46.86801 679
46.90143 669
46.93485 729
46.96828 706
47.0017  723
47.03512 703
47.06854 719
47.10197 675
47.13539 714
47.16881 691
47.20223 631
47.23566 705
47.26908 649
47.3025  692
47.33592 646
47.36935 631
47.40277 687
47.43619 655
47.46961 635
47.50304 585
47.53646 660
47.56988 666
47.60331 680
47.63673 599
47.67015 659
47.70357 631
47.737   609
47.77042 622
47.80384 624
47.83726 665
47.87069 666
47.90411 645
47.93753 672
47.97095 604
48.00438 735
48.0378  667
48.07122 672
48.10464 682
48.13807 679
48.17149 670
48.20491 707
48.23833 659
48.27176 703
48.30518 637
48.3386  652
48.37202 673
48.40545 700
48.43887 666
48.47229 619
48.50571 602
48.53913 666
48.57256 611
48.60598 662
48.6394  613
48.67282 623
48.70625 631
48.73967 617
48.77309 620
48.80651 604
48.83994 619
48.87336 591
48.90678 610
48.9402  601
48.97363 616
49.00705 597
49.04047 574
49.07389 587
49.10732 549
49.14074 624
49.17416 606
49.20758 670
49.24101 606
49.27443 608
49.30785 612
49.34127 562
49.3747  624
49.40812 550
49.44154 573
49.47496 564
49.50839 596
49.54181 611
49.57523 588
49.60866 616
49.64208 559
49.6755  608
49.70892 530
49.74235 612
49.77577 553
49.80919 596
49.84261 607
49.87604 588
49.90946 582
49.94288 552
49.9763  565
50.00973 605
50.04315 617
50.07657 572
50.10999 552
50.14342 607
50.17684 602
50.21026 579
50.24368 570
50.27711 588
50.31053 536
50.34395 561
50.37737 584
50.4108  557
50.44422 551
50.47764 593
50.51107 571
50.54449 570
50.57791 540
50.61133 567
50.64476 529
50.67818 547
50.7116  584
50.74502 555
50.77845 570
50.81187 561
50.84529 607
50.87871 553
50.91214 569
50.94556 586
50.97898 515
51.0124  549
51.04583 552
51.07925 549
51.11267 547
51.14609 508
51.17952 513
51.21294 531
51.24636 541
51.27978 537
51.31321 484
51.34663 550
51.38005 548
51.41348 543
51.4469  540
51.48032 551
51.51374 533
51.54716 542
51.58059 510
51.61401 535
51.64743 488
51.68085 522
51.71428 530
51.7477  524
51.78112 527
51.81454 562
51.84797 519
51.88139 537
51.91481 594
51.94823 534
51.98166 517
52.01508 518
52.0485  462
52.08192 515
52.11535 551
52.14877 542
52.18219 545
52.21561 543
52.24903 489
52.28246 539
52.31588 525
52.3493  504
52.38273 490
52.41615 552
52.44957 542
52.48299 550
52.51642 526
52.54984 475
52.58326 550
52.61668 531
52.65011 527
52.68353 513
52.71695 498
52.75037 567
52.7838  496
52.81722 482
52.85064 505
52.88406 511
52.91749 489
52.95091 549
52.98433 554
53.01775 529
53.05118 531
53.0846  505
53.11802 522
53.15144 493
53.18487 567
53.21829 487
53.25171 515
53.28513 576
53.31856 498
53.35198 483
53.3854  520
53.41883 496
53.45225 529
53.48567 490
53.51909 515
53.55252 475
53.58594 523
53.61936 501
53.65278 480
53.68621 476
53.71963 482
53.75305 529
53.78647 487
53.8199  523
53.85332 513
53.88674 496
53.92016 491
53.95359 517
53.98701 488
54.02043 466
54.05385 522
54.08728 503
54.1207  494
54.15412 513
54.18754 507
54.22097 508
54.25439 514
54.28781 479
54.32124 476
54.35466 465
54.38808 514
54.4215  512
54.45493 476
54.48835 459
54.52177 484
54.55519 520
54.58862 504
54.62204 505
54.65546 513
54.68888 499
54.72231 498
54.75573 480
54.78915 526
54.82257 530
54.856   463
54.88942 508
54.92284 507
54.95626 466
54.98969 553
55.02311 456
55.05653 483
55.08995 506
55.12337 481
55.1568  479
55.19022 490
55.22364 495
55.25706 490
55.29049 520
55.32391 506
55.35733 525
55.39075 506
55.42418 479
55.4576  483
55.49102 482
55.52444 514
55.55787 514
55.59129 493
55.62471 496
55.65813 502
55.69156 495
55.72498 469
55.7584  503
55.79182 527
55.82525 498
55.85867 557
55.89209 507
55.92551 562
55.95894 559
55.99236 550
56.02578 487
56.0592  530
56.09263 525
56.12605 530
56.15947 564
56.1929  574
56.22632 522
56.25974 508
56.29316 522
56.32659 528
56.36001 474
56.39343 515
56.42685 505
56.46028 479
56.4937  477
56.52712 503
56.56054 502
56.59397 488
56.62739 510
56.66081 469
56.69423 491
56.72766 475
56.76108 458
56.7945  487
56.82792 545
56.86135 503
56.89477 514
56.92819 536
56.96161 547
56.99504 482
57.02846 477
57.06188 523
57.0953  517
57.12873 519
57.16215 528
57.19557 463
57.229   523
57.26242 481
57.29584 502
57.32926 505
57.36269 495
57.39611 535
57.42953 482
57.46295 515
57.49638 477
57.5298  481
57.56322 498
57.59664 467
57.63007 487
57.66349 523
57.69691 482
57.73033 505
57.76376 491
57.79718 478
57.8306  447
57.86402 526
57.89745 469
57.93087 493
57.96429 492
57.99771 472
58.03114 478
58.06456 500
58.09798 508
58.1314  456
58.16483 464
58.19825 496
58.23167 491
58.26509 512
58.29852 487
58.33194 491
58.36536 421
58.39878 468
58.43221 482
58.46563 496
58.49905 482
58.53247 460
58.5659  491
58.59932 508
58.63274 481
58.66616 481
58.69958 467
58.73301 457
58.76643 464
58.79985 516
58.83327 443
58.8667  452
58.90012 469
58.93354 478
58.96696 501
59.00039 483
59.03381 428
59.06723 446
59.10066 466
59.13408 466
59.1675  504
59.20092 478
59.23435 513
59.26777 508
59.30119 454
59.33461 513
59.36804 467
59.40146 517
59.43488 445
59.4683  501
59.50173 505
59.53515 468
59.56857 480
59.60199 484
59.63542 491
59.66884 516
59.70226 484
59.73568 480
59.76911 498
59.80253 510
59.83595 459
59.86937 419
59.9028  458
59.93622 471
59.96964 469
60.00307 488
60.03649 468
60.06991 469
60.10333 468
60.13676 489
60.17018 505
60.2036  469
60.23702 503
60.27045 494
60.30387 478
60.33729 507
60.37071 506
60.40414 499
60.43756 480
60.47098 516
60.5044  475
60.53783 486
60.57125 483
60.60467 492
60.63809 540
60.67152 435
60.70494 542
60.73836 515
60.77178 526
60.80521 490
60.83863 441
60.87205 501
60.90547 474
60.9389  496
60.97232 475
61.00574 484
61.03917 508
61.07259 419
61.10601 477
61.13943 528
61.17286 443
61.20628 472
61.2397  516
61.27312 465
61.30655 472
61.33997 490
61.37339 441
61.40681 517
61.44024 475
61.47366 504
61.50708 480
61.5405  460
61.57393 464
61.60735 488
61.64077 538
61.67419 498
61.70761 511
61.74104 464
61.77446 481
61.80788 455
61.8413  523
61.87473 455
61.90815 472
61.94157 498
61.97499 477
62.00842 418
62.04184 460
62.07526 524
62.10868 433
62.14211 424
62.17553 519
62.20895 491
62.24237 496
62.2758  437
62.30922 480
62.34264 462
62.37606 498
62.40949 498
62.44291 483
62.47633 454
62.50975 474
62.54318 481
62.5766  498
62.61002 518
62.64344 501
62.67687 491
62.71029 500
62.74371 536
62.77713 515
62.81056 480
62.84398 515
62.8774  502
62.91083 505
62.94425 463
62.97767 515
63.01109 477
63.04452 508
63.07794 495
63.11136 486
63.14478 478
63.17821 513
63.21163 503
63.24505 526
63.27847 491
63.3119  553
63.34532 481
63.37874 484
63.41216 523
63.44559 551
63.47901 528
63.51243 492
63.54585 499
63.57928 511
63.6127  501
63.64612 477
63.67954 502
63.71297 555
63.74639 498
63.77981 499
63.81324 542
63.84666 484
63.88008 490
63.9135  491
63.94693 493
63.98035 522
64.01377 511
64.0472  538
64.08061 512
64.11404 496
64.14746 507
64.18089 554
64.2143  555
64.24773 524
64.28115 542
64.31458 505
64.34799 519
64.38142 553
64.41484 542
64.44827 584
64.48168 517
64.51511 584
64.54853 624
64.58195 593
64.61537 631
64.6488  597
64.68222 642
64.71564 678
64.74907 744
64.78249 764
64.81591 855
64.84933 1039
64.88276 1235
64.91618 1509
64.9496  2263
64.98302 3332
65.01645 4828
65.04987 5232
65.08329 4602
65.11671 3562
65.15014 3116
65.18356 3132
65.21698 3234
65.2504  3018
65.28383 2250
65.31725 1636
65.35067 1275
65.38409 1028
65.41752 844
65.45094 755
65.48436 724
65.51778 707
65.55121 666
65.58463 625
65.61805 624
65.65147 628
65.6849  610
65.71832 602
65.75174 554
65.78516 558
65.81859 559
65.85201 525
65.88543 542
65.91885 548
65.95228 558
65.9857  510
66.01912 499
66.05254 496
66.08597 530
66.11939 466
66.15281 495
66.18623 476
66.21966 489
66.25308 495
66.2865  478
66.31992 492
66.35335 478
66.38677 483
66.42019 502
66.45361 513
66.48704 504
66.52046 463
66.55388 456
66.5873  475
66.62073 483
66.65415 508
66.68758 504
66.72099 546
66.75442 457
66.78784 468
66.82127 498
66.85468 538
66.88811 457
66.92153 465
66.95496 475
66.98837 504
67.0218  469
67.05522 490
67.08865 452
67.12206 492
67.15549 475
67.18891 471
67.22234 523
67.25575 453
67.28918 465
67.3226  466
67.35603 477
67.38944 492
67.42287 475
67.45629 448
67.48972 436
67.52313 470
67.55656 484
67.58998 456
67.62341 484
67.65683 458
67.69025 447
67.72367 479
67.7571  469
67.79052 441
67.82394 488
67.85736 491
67.89079 482
67.92421 456
67.95763 446
67.99105 479
68.02448 478
68.0579  444
68.09132 472
68.12474 472
68.15816 447
68.19159 412
68.22501 408
68.25843 465
68.29185 444
68.32528 430
68.3587  437
68.39212 463
68.42554 462
68.45897 479
68.49239 421
68.52581 421
68.55923 481
68.59266 452
68.62608 450
68.6595  433
68.69292 417
68.72635 472
68.75977 453
68.79319 446
68.82661 420
68.86004 479
68.89346 479
68.92688 458
68.9603  454
68.99373 434
69.02715 472
69.06057 457
69.09399 451
69.12742 472
69.16084 443
69.19426 480
69.22768 431
69.26111 439
69.29453 444
69.32795 446
69.36137 421
69.3948  454
69.42822 451
69.46164 472
69.49506 462
69.52849 420
69.56191 399
69.59534 439
69.62875 469
69.66218 472
69.6956  445
69.72903 452
69.76244 445
69.79587 415
69.82929 383
69.86272 437
69.89613 460
69.92956 482
69.96298 439
69.99641 441
70.02982 450
70.06325 441
70.09667 423
70.1301  489
70.16351 379
70.19694 419
70.23036 432
70.26379 425
70.2972  460
70.33063 443
70.36405 457
70.39748 472
70.4309  455
70.46432 441
70.49774 475
70.53117 415
70.56459 478
70.59801 430
70.63143 381
70.66486 416
70.69828 384
70.7317  415
70.76512 421
70.79855 421
70.83197 437
70.86539 398
70.89881 391
70.93224 420
70.96566 401
70.99908 428
71.0325  427
71.06593 429
71.09935 476
71.13277 418
71.16619 399
71.19962 442
71.23304 478
71.26646 433
71.29988 454
71.33331 433
71.36673 391
71.40015 412
71.43357 397
71.467   420
71.50042 429
71.53384 424
71.56726 433
71.60069 405
71.63411 431
71.66753 429
71.70095 422
71.73438 424
71.7678  424
71.80122 429
71.83464 441
71.86806 429
71.90149 453
71.93491 443
71.96833 408
72.00175 410
72.03518 386
72.0686  423
72.10202 431
72.13544 408
72.16887 456
72.20229 453
72.23571 440
72.26913 458
72.30256 406
72.33598 431
72.36941 440
72.40282 422
72.43625 510
72.46967 428
72.5031  400
72.53651 452
72.56994 404
72.60336 433
72.63679 429
72.6702  405
72.70363 424
72.73705 425
72.77048 400
72.80389 441
72.83732 403
72.87074 418
72.90417 448
72.93758 408
72.97101 405
73.00443 420
73.03786 408
73.07127 400
73.1047  403
73.13812 419
73.17155 434
73.20496 420
73.23839 420
73.27181 404
73.30524 365
73.33866 432
73.37208 420
73.4055  421
73.43893 380
73.47235 458
73.50577 436
73.53919 429
73.57262 418
73.60604 413
73.63946 389
73.67288 393
73.70631 385
73.73973 418
73.77315 399
73.80657 439
73.84    418
73.87342 418
73.90684 432
73.94026 386
73.97369 442
74.00711 388
74.04053 463
74.07395 433
74.10738 422
74.1408  419
74.17422 412
74.20764 412
74.24107 410
74.27449 388
74.30791 418
74.34133 409
74.37476 451
74.40818 437
74.4416  407
74.47502 384
74.50845 421
74.54187 478
74.57529 431
74.60871 469
74.64214 456
74.67556 477
74.70898 472
74.7424  531
74.77583 488
74.80925 520
74.84267 489
74.87609 499
74.90952 496
74.94294 470
74.97636 504
75.00978 456
75.04321 478
75.07663 448
75.11005 436
75.14347 444
75.1769  479
75.21032 375
75.24374 428
75.27717 424
75.31059 398
75.34401 435
75.37743 423
75.41086 423
75.44427 421
75.4777  389
75.51112 393
75.54455 437
75.57796 385
75.61139 408
75.64481 420
75.67824 368
75.71165 398
75.74508 428
75.7785  431
75.81193 427
75.84534 450
75.87877 392
75.91219 394
75.94562 431
75.97903 423
76.01246 407
76.04588 385
76.07931 382
76.11272 394
76.14615 412
76.17957 384
76.213   383
76.24642 388
76.27984 379
76.31326 395
76.34669 410
76.38011 409
76.41353 417
76.44695 444
76.48038 405
76.5138  418
76.54722 428
76.58064 395
76.61407 409
76.64749 412
76.68091 418
76.71433 427
76.74776 400
76.78118 417
76.8146  411
76.84802 422
76.88145 399
76.91487 456
76.94829 428
76.98171 411
77.01514 409
77.04856 413
77.08199 392
77.1154  392
77.14883 374
77.18225 430
77.21568 428
77.24909 447
77.28252 422
77.31594 428
77.34937 400
77.38278 428
77.41621 406
77.44963 472
77.48306 442
77.51647 486
77.5499  401
77.58332 455
77.61674 499
77.65016 526
77.68359 471
77.71701 535
77.75043 543
77.78385 552
77.81728 569
77.8507  523
77.88412 635
77.91754 705
77.95097 699
77.98439 826
78.01781 1058
78.05124 1343
78.08466 1733
78.11808 2362
78.1515  3040
78.18493 3130
78.21835 2849
78.25177 2243
78.28519 1910
78.31862 1722
78.35204 1807
78.38546 1986
78.41888 1862
78.45231 1595
78.48573 1272
78.51915 1036
78.55257 844
78.586   662
78.61942 638
78.65284 572
78.68626 504
78.71969 479
78.75311 486
78.78653 456
78.81995 456
78.85338 420
78.8868  435
78.92022 388
78.95364 448
78.98707 477
79.02049 405
79.05391 381
79.08733 389
79.12076 417
79.15418 413
79.1876  453
79.22102 385
79.25445 388
79.28787 364
79.32129 394
79.35471 394
79.38814 403
79.42156 415
79.45498 399
79.4884  382
79.52183 418
79.55525 403
79.58867 425
79.62209 396
79.65552 357
79.68894 389
79.72236 404
79.75578 386
79.78921 356
79.82263 401
79.85605 364
79.88947 356
79.9229  376
79.95632 407
79.98975 374
80.02316 423
80.05659 372
80.09001 415
80.12344 361
80.15685 393
80.19028 416
80.2237  359
80.25713 368
80.29054 393
80.32397 339
80.35739 352
80.39082 384
80.42423 363
80.45766 338
80.49108 377
80.52451 371
80.55792 375
80.59135 353
80.62477 370
80.6582  335
80.69161 382
80.72504 400
80.75846 374
80.79189 383
80.8253  337
80.85873 383
80.89215 387
80.92558 376
80.959   407
80.99242 375
81.02584 397
81.05927 376
81.09269 392
81.12611 388
81.15953 395
81.19296 361
81.22638 418
81.2598  397
81.29322 393
81.32664 396
81.36007 404
81.39349 380
81.42691 362
81.46033 376
81.49376 382
81.52718 353
81.5606  398
81.59402 383
81.62745 375
81.66087 392
81.69429 377
81.72771 379
81.76114 388
81.79456 413
81.82798 404
81.8614  407
81.89483 403
81.92825 356
81.96167 393
81.99509 400
82.02852 399
82.06194 395
82.09536 364
82.12878 432
82.16221 413
82.19563 436
82.22905 455
82.26247 437
82.2959  533
82.32932 565
82.36274 723
82.39616 680
82.42959 623
82.46301 589
82.49643 535
82.52985 558
82.56328 538
82.5967  602
82.63012 600
82.66354 616
82.69697 584
82.73039 520
82.76381 490
82.79723 517
82.83066 455
82.86408 496
82.89751 455
82.93092 418
82.96435 452
82.99777 442
83.0312  410
83.06461 437
83.09804 400
83.13146 434
83.16489 416
83.1983  437
83.23173 433
83.26515 374
83.29858 375
83.33199 392
83.36542 403
83.39884 392
83.43227 454
83.46568 394
83.49911 463
83.53253 437
83.56596 386
83.59937 387
83.6328  408
83.66622 381
83.69965 413
83.73307 421
83.76649 401
83.79991 379
83.83334 401
83.86676 406
83.90018 382
83.9336  395
83.96703 398
84.00045 393
84.03387 369
84.06729 366
84.10072 366
84.13414 422
84.16756 420
84.20098 374
84.23441 362
84.26783 351
84.30125 369
84.33467 366
84.3681  395
84.40152 342
84.43494 352
84.46836 372
84.50179 375
84.53521 400
84.56863 341
84.60205 335
84.63548 388
84.6689  363
84.70232 363
84.73574 375
84.76917 374
84.80259 403
84.83601 347
84.86943 349
84.90285 342
84.93628 359
84.9697  364
85.00312 365
85.03654 366
85.06997 341
85.10339 369
85.13681 346
85.17023 326
85.20366 364
85.23708 365
85.2705  366
85.30392 368
85.33735 363
85.37077 386
85.40419 363
85.43761 363
85.47104 392
85.50446 370
85.53788 348
85.5713  323
85.60473 380
85.63815 379
85.67158 374
85.70499 366
85.73842 358
85.77184 357
85.80527 342
85.83868 338
85.87211 358
85.90553 339
85.93896 338
85.97237 377
86.0058  384
86.03922 393
86.07265 356
86.10606 360
86.13949 314
86.17291 361
86.20634 371
86.23975 333
86.27318 350
86.3066  325
86.34003 339
86.37344 358
86.40687 361
86.44029 354
86.47372 370
86.50713 380
86.54056 369
86.57398 394
86.60741 327
86.64083 385
86.67425 357
86.70767 382
86.7411  329
86.77452 346
86.80794 370
86.84136 349
86.87479 369
86.90821 397
86.94163 318
86.97505 375
87.00848 352
87.0419  346
87.07532 352
87.10874 345
87.14217 408
87.17559 385
87.20901 362
87.24243 341
87.27586 388
87.30928 361
87.3427  360
87.37612 351
87.40955 381
87.44297 370
87.47639 335
87.50981 370
87.54324 350
87.57666 362
87.61008 365
87.6435  365
87.67693 396
87.71035 359
87.74377 346
87.77719 349
87.81062 352
87.84404 363
87.87746 372
87.91088 347
87.94431 372
87.97773 344
88.01115 340
88.04457 376
88.078   336
88.11142 368
88.14484 329
88.17826 359
88.21169 384
88.24511 344
88.27853 360
88.31195 330
88.34538 316
88.3788  330
88.41222 357
88.44564 375
88.47906 326
88.51249 354
88.54591 371
88.57934 359
88.61275 372
88.64618 364
88.6796  391
88.71303 369
88.74644 341
88.77987 359
88.81329 342
88.84672 389
88.88013 353
88.91356 366
88.94698 353
88.98041 341
89.01382 379
89.04725 382
89.08067 341
89.1141  322
89.14751 308
89.18094 358
89.21436 316
89.24779 382
89.2812  371
89.31463 387
89.34805 350
89.38148 336
89.41489 357
89.44832 375
89.48174 360
89.51517 370
89.54859 323
89.58201 377
89.61543 359
89.64886 345
89.68228 357
89.7157  364
89.74912 364
89.78255 358
89.81597 359
89.84939 337
89.88281 362
89.91624 361
89.94966 334
89.98308 377
