@Omega=0.800
10.0355  19858
10.1125  19585
10.1895  19331
10.2665  19304
10.3435  18844
10.4205  18712
10.4975  18444
10.5745  18342
10.6515  18218
10.7285  17851
10.8055  18149
10.8825  17681
10.9595  17475
11.0365  17198
11.1135  17344
11.1905  16943
11.2675  16929
11.3445  16749
11.4215  16536
11.4985  16399
11.5755  16410
11.6525  16122
11.7295  16015
11.8065  15506
11.8835  15670
11.9605  15526
12.0375  15367
12.1145  15160
12.1915  15055
12.2685  15136
12.3455  14680
12.4225  14687
12.4995  14467
12.5765  14575
12.6535  14385
12.7305  14215
12.8075  13929
12.8845  13777
12.9615  13750
13.0385  13478
13.1155  13367
13.1925  13268
13.2695  13361
13.3465  13081
13.4235  12920
13.5005  12895
13.5775  12792
13.6545  12654
13.7315  12497
13.8085  12535
13.8855  12194
13.9625  12162
14.0395  12100
14.1165  12043
14.1935  11941
14.2705  11657
14.3475  11756
14.4245  11575
14.5015  11532
14.5785  11501
14.6555  11449
14.7325  11104
14.8095  11153
14.8865  11050
14.9635  10935
15.0405  10068
15.1175  10070
15.1945  9768
15.2715  9772
15.3485  9831
15.4255  9723
15.5025  9680
15.5795  9507
15.6565  9535
15.7335  9387
15.8105  9240
15.8875  9440
15.9645  9183
16.0415  9058
16.1185  8945
16.1955  8868
16.2725  9023
16.3495  8608
16.4265  8788
16.5035  8692
16.5805  8561
16.6575  8447
16.7345  8387
16.8115  8490
16.8885  8165
16.9655  8399
17.0425  8329
17.1195  7997
17.1965  8237
17.2735  8101
17.3505  7951
17.4275  7794
17.5045  7915
17.5815  7866
17.6585  7642
17.7355  7464
17.8125  7594
17.8895  7464
17.9665  7540
18.0435  7421
18.1205  7389
18.1975  7230
18.2745  7150
18.3515  7097
18.4285  7176
18.5055  7100
18.5825  7026
18.6595  6910
18.7365  6839
18.8135  6881
18.8905  6817
18.9675  6652
19.0445  6604
19.1215  6896
19.1985  6471
19.2755  6567
19.3525  6406
19.4295  6599
19.5065  6428
19.5835  6269
19.6605  6277
19.7375  6152
19.8145  6161
19.8915  6079
19.9685  6224
20.0455  5946
20.1225  5920
20.1995  5995
20.2765  5972
20.3535  5821
20.4305  5922
20.5075  5762
20.5845  5840
20.6615  5755
20.7385  5555
20.8155  5487
20.8925  5478
20.9695  5295
21.0465  5529
21.1235  5386
21.2005  5406
21.2775  5387
21.3545  5406
21.4315  5205
21.5085  5289
21.5855  5262
21.6625  5098
21.7395  5237
21.8165  5090
21.8935  4944
21.9705  4946
22.0475  4966
22.1245  5037
22.2015  4867
22.2785  4850
22.3555  4823
22.4325  4767
22.5095  4739
22.5865  4768
22.6635  4646
22.7405  4717
22.8175  4775
22.8945  4596
22.9715  4472
23.0485  4575
23.1255  4367
23.2025  4449
23.2795  4478
23.3565  4429
23.4335  4387
23.5105  4282
23.5875  4299
23.6645  4223
23.7415  4177
23.8185  4269
23.8955  4198
23.9725  4078
24.0495  4170
24.1265  4110
24.2035  4105
24.2805  3959
24.3575  4073
24.4345  3928
24.5115  3769
24.5885  3933
24.6655  3831
24.7425  3890
24.8195  3904
24.8965  3748
24.9735  3802
25.0505  3717
25.1275  3902
25.2045  3701
25.2815  3715
25.3585  3650
25.4355  3635
25.5125  3587
25.5895  3655
25.6665  3626
25.7435  3567
25.8205  3581
25.8975  3471
25.9745  3498
26.0515  3468
26.1285  3337
26.2055  3381
26.2825  3406
26.3595  3278
26.4365  3276
26.5135  3314
26.5905  3357
26.6675  3262
26.7445  3298
26.8215  3254
26.8985  3087
26.9755  3203
27.0525  3130
27.1295  3058
27.2065  3147
27.2835  3005
27.3605  3114
27.4375  2994
27.5145  3027
27.5915  3040
27.6685  2887
27.7455  2965
27.8225  2968
27.8995  2891
27.9765  2925
28.0535  2871
28.1305  2981
28.2075  2846
28.2845  2780
28.3615  2813
28.4385  2829
28.5155  2715
28.5925  2707
28.6695  2684
28.7465  2713
28.8235  2674
28.9005  2614
28.9775  2596
29.0545  2616
29.1315  2675
29.2085  2649
29.2855  2669
29.3625  2525
29.4395  2476
29.5165  2508
29.5935  2595
29.6705  2511
29.7475  2430
29.8245  2499
29.9015  2426
29.9785  2408
30.0555  2431
30.1325  2427
30.2095  2398
30.2865  2341
30.3635  2329
30.4405  2353
30.5175  2374
30.5945  2371
30.6715  2247
30.7485  2289
30.8255  2337
30.9025  2216
30.9795  2159
31.0565  2247
31.1335  2217
31.2105  2215
31.2875  2127
31.3645  2179
31.4415  2136
31.5185  2271
31.5955  2141
31.6725  2179
31.7495  2127
31.8265  2166
31.9035  2071
31.9805  2018
32.0575  1995
32.1345  1992
32.2115  2060
32.2885  2033
32.3655  1964
32.4425  2005
32.5195  1962
32.5965  1878
32.6735  1917
32.7505  1941
32.8275  1902
32.9045  1961
32.9815  1922
33.0585  1891
33.1355  1894
33.2125  1858
33.2895  1873
33.3665  1840
33.4435  1836
33.5205  1836
33.5975  1831
33.6745  1808
33.7515  1815
33.8285  1896
33.9055  1766
33.9825  1727
34.0595  1729
34.1365  1694
34.2135  1676
34.2905  1734
34.3675  1608
34.4445  1665
34.5215  1793
34.5985  1634
34.6755  1726
34.7525  1745
34.8295  1678
34.9065  1594
34.9835  1609
35.0605  1692
35.1375  1603
35.2145  1636
35.2915  1646
35.3685  1579
35.4455  1565
35.5225  1622
35.5995  1616
35.6765  1554
35.7535  1538
35.8305  1627
35.9075  1552
35.9845  1552
36.0615  1560
36.1385  1545
36.2155  1551
36.2925  1608
36.3695  1552
36.4465  1529
36.5235  1546
36.6005  1537
36.6775  1559
36.7545  1528
36.8315  1513
36.9085  1473
36.9855  1532
37.0625  1443
37.1395  1528
37.2165  1491
37.2935  1552
37.3705  1413
37.4475  1452
37.5245  1533
37.6015  1500
37.6785  1512
37.7555  1546
37.8325  1512
37.9095  1531
37.9865  1427
38.0635  1513
38.1405  1474
38.2175  1447
38.2945  1489
38.3715  1501
38.4485  1522
38.5255  1511
38.6025  1430
38.6795  1472
38.7565  1426
38.8335  1544
38.9105  1557
38.9875  1537
39.0645  1515
39.1415  1621
39.2185  1527
39.2955  1656
39.3725  1653
39.4495  1757
39.5265  1809
39.6035  1871
39.6805  2069
39.7575  2555
39.8345  3036
39.9115  3945
39.9885  5256
40.0655  7201
40.1425  10088
40.2195  14066
40.2965  19104
40.3735  23896
40.4505  27906
40.5275  28490
40.6045  25592
40.6815  19942
40.7585  13584
40.8355  8452
40.9125  5060
40.9895  3159
41.0665  2309
41.1435  1918
41.2205  1661
41.2975  1547
41.3745  1404
41.4515  1308
41.5285  1309
41.6055  1250
41.6825  1252
41.7595  1213
41.8365  1204
41.9135  1198
41.9905  1151
42.0675  1111
42.1445  1109
42.2215  1076
42.2985  1076
42.3755  1075
42.4525  1051
42.5295  1127
42.6065  1004
42.6835  1081
42.7605  1019
42.8375  1000
42.9145  1042
42.9915  1002
43.0685  999
43.1455  1033
43.2225  972
43.2995  988
43.3765  983
43.4535  1005
43.5305  984
43.6075  958
43.6845  940
43.7615  958
43.8385  924
43.9155  945
43.9925  943
44.0695  1026
44.1465  944
44.2235  960
44.3005  979
44.3775  983
44.4545  947
44.5315  910
44.6085  927
44.6855  900
44.7625  950
44.8395  913
44.9165  858
44.9935  822
45.0705  870
45.1475  885
45.2245  867
45.3015  854
45.3785  862
45.4555  850
45.5325  867
45.6095  826
45.6865  831
45.7635  776
45.8405  808
45.9175  800
45.9945  838
46.0715  838
46.1485  775
46.2255  826
46.3025  727
46.3795  774
46.4565  763
46.5335  761
46.6105  768
46.6875  752
46.7645  767
46.8415  746
46.9185  814
46.9955  717
47.0725  756
47.1495  745
47.2265  718
47.3035  709
47.3805  717
47.4575  743
47.5345  735
47.6115  747
47.6885  693
47.7655  711
47.8425  690
47.9195  716
47.9965  702
48.0735  715
48.1505  721
48.2275  674
48.3045  744
48.3815  635
48.4585  719
48.5355  704
48.6125  639
48.6895  748
48.7665  705
48.8435  679
48.9205  673
48.9975  743
49.0745  643
49.1515  661
49.2285  680
49.3055  684
49.3825  675
49.4595  663
49.5365  641
49.6135  665
49.6905  644
49.7675  659
49.8445  688
49.9215  633
49.9985  627
50.0755  652
50.1525  665
50.2295  650
50.3065  629
50.3835  618
50.4605  645
50.5375  609
50.6145  674
50.6915  664
50.7685  639
50.8455  601
50.9225  655
50.9995  603
51.0765  624
51.1535  614
51.2305  563
51.3075  657
51.3845  663
51.4615  649
51.5385  582
51.6155  607
51.6925  602
51.7695  646
51.8465  587
51.9235  614
52.0005  606
52.0775  581
52.1545  589
52.2315  547
52.3085  606
52.3855  604
52.4625  552
52.5395  613
52.6165  604
52.6935  609
52.7705  586
52.8475  617
52.9245  588
53.0015  631
53.0785  540
53.1555  605
53.2325  591
53.3095  611
53.3865  611
53.4635  581
53.5405  567
53.6175  551
53.6945  574
53.7715  587
53.8485  519
53.9255  583
54.0025  535
54.0795  573
54.1565  608
54.2335  579
54.3105  559
54.3875  552
54.4645  528
54.5415  555
54.6185  532
54.6955  565
54.7725  548
54.8495  532
54.9265  534
55.0035  525
55.0805  547
55.1575  494
55.2345  569
55.3115  524
55.3885  527
55.4655  499
55.5425  502
55.6195  550
55.6965  530
55.7735  510
55.8505  514
55.9275  516
56.0045  541
56.0815  520
56.1585  551
56.2355  546
56.3125  557
56.3895  558
56.4665  508
56.5435  531
56.6205  480
56.6975  504
56.7745  514
56.8515  530
56.9285  538
57.0055  518
57.0825  564
57.1595  578
57.2365  558
57.3135  586
57.3905  601
57.4675  593
57.5445  632
57.6215  609
57.6985  652
57.7755  686
57.8525  715
57.9295  797
58.0065  889
58.0835  1190
58.1605  1555
58.2375  2163
58.3145  3089
58.3915  4511
58.4685  6088
58.5455  7165
58.6225  7906
58.6995  7273
58.7765  6279
58.8535  4789
58.9305  3376
59.0075  2357
59.0845  1448
59.1615  1119
59.2385  806
59.3155  706
59.3925  656
59.4695  634
59.5465  593
59.6235  595
59.7005  539
59.7775  477
59.8545  513
59.9315  534
60.0085  499
60.0855  534
60.1625  522
60.2395  507
60.3165  485
60.3935  446
60.4705  454
60.5475  505
60.6245  484
60.7015  461
60.7785  503
60.8555  456
60.9325  430
61.0095  478
61.0865  513
61.1635  442
61.2405  503
61.3175  443
61.3945  489
61.4715  409
61.5485  464
61.6255  477
61.7025  463
61.7795  441
61.8565  478
61.9335  462
62.0105  409
62.0875  444
62.1645  418
62.2415  449
62.3185  414
62.3955  427
62.4725  424
62.5495  476
62.6265  461
62.7035  462
62.7805  416
62.8575  466
62.9345  433
63.0115  401
63.0885  409
63.1655  422
63.2425  432
63.3195  434
63.3965  432
63.4735  420
63.5505  449
63.6275  416
63.7045  413
63.7815  438
63.8585  440
63.9355  424
64.0125  415
64.0895  443
64.1665  389
64.2435  391
64.3205  433
64.3975  394
64.4745  439
64.5515  416
64.6285  403
64.7055  405
64.7825  426
64.8595  442
64.9365  414
65.0135  402
65.0905  377
65.1675  406
65.2445  421
65.3215  411
65.3985  398
65.4755  401
65.5525  442
65.6295  407
65.7065  439
65.7835  417
65.8605  394
65.9375  391
66.0145  376
66.0915  381
66.1685  392
66.2455  395
66.3225  375
66.3995  399
66.4765  381
66.5535  346
66.6305  415
66.7075  410
66.7845  400
66.8615  373
66.9385  377
67.0155  395
67.0925  426
67.1695  397
67.2465  377
67.3235  396
67.4005  408
67.4775  395
67.5545  386
67.6315  380
67.7085  432
67.7855  373
67.8625  397
67.9395  370
68.0165  397
68.0935  393
68.1705  395
68.2475  397
68.3245  414
68.4015  417
68.4785  413
68.5555  412
68.6325  406
68.7095  396
68.7865  406
68.8635  442
68.9405  434
69.0175  415
69.0945  408
69.1715  449
69.2485  470
69.3255  412
69.4025  408
69.4795  463
69.5565  423
69.6335  416
69.7105  366
69.7875  409
69.8645  437
69.9415  385
70.0185  429
70.0955  398
70.1725  420
70.2495  375
70.3265  422
70.4035  420
70.4805  423
70.5575  396
70.6345  412
70.7115  364
70.7885  434
70.8655  419
70.9425  405
71.0195  427
71.0965  417
71.1735  426
71.2505  416
71.3275  420
71.4045  439
71.4815  434
71.5585  436
71.6355  421
71.7125  428
71.7895  434
71.8665  464
71.9435  453
72.0205  519
72.0975  463
72.1745  463
72.2515  479
72.3285  497
72.4055  565
72.4825  562
72.5595  546
72.6365  608
72.7135  661
72.7905  745
72.8675  753
72.9445  868
73.0215  1070
73.0985  1304
73.1755  1769
73.2525  2474
73.3295  3532
73.4065  5030
73.4835  7079
73.5605  8715
73.6375  9866
73.7145  10080
73.7915  9798
73.8685  8265
73.9455  6598
74.0225  4876
74.0995  3406
74.1765  2419
74.2535  1666
74.3305  1281
74.4075  965
74.4845  815
74.5615  711
74.6385  673
74.7155  609
74.7925  567
74.8695  552
74.9465  517
75.0235  530
75.1005  459
75.1775  507
75.2545  443
75.3315  462
75.4085  419
75.4855  457
75.5625  417
75.6395  452
75.7165  413
75.7935  436
75.8705  435
75.9475  399
76.0245  419
76.1015  414
76.1785  397
76.2555  389
76.3325  412
76.4095  409
76.4865  379
76.5635  392
76.6405  381
76.7175  371
76.7945  388
76.8715  349
76.9485  375
77.0255  405
77.1025  363
77.1795  359
77.2565  366
77.3335  364
77.4105  383
77.4875  377
77.5645  351
77.6415  376
77.7185  353
77.7955  350
77.8725  344
77.9495  311
78.0265  357
78.1035  324
78.1805  359
78.2575  332
78.3345  365
78.4115  335
78.4885  376
78.5655  344
78.6425  348
78.7195  354
78.7965  349
78.8735  371
78.9505  338
79.0275  333
79.1045  350
79.1815  339
79.2585  360
79.3355  354
79.4125  338
79.4895  346
79.5665  343
79.6435  336
79.7205  302
79.7975  322
79.8745  368
79.9515  338
80.0285  280
80.1055  329
80.1825  355
80.2595  326
80.3365  360
80.4135  328
80.4905  323
80.5675  319
80.6445  296
80.7215  295
80.7985  331
80.8755  333
80.9525  310
81.0295  317
81.1065  344
81.1835  328
81.2605  357
81.3375  333
81.4145  330
81.4915  382
81.5685  336
81.6455  302
81.7225  318
81.7995  322
81.8765  321
81.9535  337
82.0305  329
82.1075  308
82.1845  330
82.2615  314
82.3385  304
82.4155  312
82.4925  356
82.5695  335
82.6465  335
82.7235  374
82.8005  304
82.8775  306
82.9545  318
83.0315  336
83.1085  347
83.1855  324
83.2625  302
83.3395  345
83.4165  319
83.4935  314
83.5705  320
83.6475  316
83.7245  317
83.8015  325
83.8785  298
83.9555  332
84.0325  317
84.1095  315
84.1865  323
84.2635  332
84.3405  287
84.4175  359
84.4945  309
84.5715  289
84.6485  308
84.7255  323
84.8025  354
84.8795  314
84.9565  346
85.0335  328
85.1105  345
85.1875  338
85.2645  338
85.3415  333
85.4185  349
85.4955  354
85.5725  300
85.6495  319
85.7265  320
85.8035  357
85.8805  335
85.9575  345
86.0345  354
86.1115  379
86.1885  338
86.2655  331
86.3425  407
86.4195  364
86.4965  384
86.5735  395
86.6505  444
86.7275  432
86.8045  407
86.8815  444
86.9585  554
87.0355  639
87.1125  679
87.1895  846
87.2665  1115
87.3435  1552
87.4205  2031
87.4975  2359
87.5745  2837
87.6515  2908
87.7285  2934
87.8055  2631
87.8825  2258
87.9595  1869
88.0365  1557
88.1135  1189
88.1905  947
88.2675  768
88.3445  587
88.4215  586
88.4985  457
88.5755  456
88.6525  412
88.7295  448
88.8065  398
88.8835  378
88.9605  381
89.0375  365
89.1145  374
89.1915  319
89.2685  357
89.3455  351
89.4225  354
89.4995  360
89.5765  350
89.6535  327
89.7305  328
89.8075  353
89.8845  321
89.9615  336
