@Omega=0.800
10.0355  19519
10.1125  19175
10.1895  19113
10.2665  18840
10.3435  18770
10.4205  18713
10.4975  18246
10.5745  18083
10.6515  17864
10.7285  17625
10.8055  17695
10.8825  17315
10.9595  17331
11.0365  17053
11.1135  16788
11.1905  16608
11.2675  16643
11.3445  16431
11.4215  16318
11.4985  16205
11.5755  16035
11.6525  15692
11.7295  15433
11.8065  15270
11.8835  15427
11.9605  15290
12.0375  14973
12.1145  14940
12.1915  14953
12.2685  14649
12.3455  14601
12.4225  14381
12.4995  14425
12.5765  13870
12.6535  14018
12.7305  13801
12.8075  13680
12.8845  13671
12.9615  13673
13.0385  13259
13.1155  13335
13.1925  12829
13.2695  12993
13.3465  12822
13.4235  12720
13.5005  12612
13.5775  12719
13.6545  12397
13.7315  12580
13.8085  11737
13.8855  11050
13.9625  11879
14.0395  11896
14.1165  11874
14.1935  11839
14.2705  10973
14.3475  10404
14.4245  10451
14.5015  10158
14.5785  10116
14.6555  10206
14.7325  10004
14.8095  9832
14.8865  9900
14.9635  9814
15.0405  9726
15.1175  9605
15.1945  9608
15.2715  9388
15.3485  9405
15.4255  9183
15.5025  9201
15.5795  9182
15.6565  9149
15.7335  9106
15.8105  8732
15.8875  8700
15.9645  8779
16.0415  8678
16.1185  8645
16.1955  8404
16.2725  8433
16.3495  8515
16.4265  8164
16.5035  8291
16.5805  8118
16.6575  8282
16.7345  8159
16.8115  7975
16.8885  8038
16.9655  7900
17.0425  7862
17.1195  7689
17.1965  7641
17.2735  7596
17.3505  7623
17.4275  7487
17.5045  7494
17.5815  7312
17.6585  7295
17.7355  7113
17.8125  7331
17.8895  7295
17.9665  7180
18.0435  6984
18.1205  7020
18.1975  7012
18.2745  6881
18.3515  6802
18.4285  6678
18.5055  6703
18.5825  6729
18.6595  6616
18.7365  6623
18.8135  6298
18.8905  6518
18.9675  6358
19.0445  6415
19.1215  6350
19.1985  6250
19.2755  6089
19.3525  6261
19.4295  6018
19.5065  5968
19.5835  5834
19.6605  5911
19.7375  5874
19.8145  5902
19.8915  5736
19.9685  5752
20.0455  5625
20.1225  5684
20.1995  5767
20.2765  5623
20.3535  5677
20.4305  5543
20.5075  5576
20.5845  5643
20.6615  5366
20.7385  5332
20.8155  5343
20.8925  5328
20.9695  5205
21.0465  5318
21.1235  5245
21.2005  5116
21.2775  5008
21.3545  5109
21.4315  4972
21.5085  5131
21.5855  4900
21.6625  4955
21.7395  4866
21.8165  4798
21.8935  4916
21.9705  4814
22.0475  4854
22.1245  4778
22.2015  4661
22.2785  4673
22.3555  4614
22.4325  4536
22.5095  4528
22.5865  4495
22.6635  4467
22.7405  4568
22.8175  4385
22.8945  4327
22.9715  4364
23.0485  4401
23.1255  4301
23.2025  4206
23.2795  4241
23.3565  4120
23.4335  4098
23.5105  4190
23.5875  4140
23.6645  4160
23.7415  4003
23.8185  3870
23.8955  3891
23.9725  3874
24.0495  3884
24.1265  3929
24.2035  3888
24.2805  3822
24.3575  3909
24.4345  3677
24.5115  3847
24.5885  3724
24.6655  3696
24.7425  3567
24.8195  3577
24.8965  3642
24.9735  3566
25.0505  3614
25.1275  3505
25.2045  3581
25.2815  3550
25.3585  3416
25.4355  3444
25.5125  3513
25.5895  3424
25.6665  3333
25.7435  3329
25.8205  3378
25.8975  3281
25.9745  3344
26.0515  3322
26.1285  3233
26.2055  3288
26.2825  3141
26.3595  3190
26.4365  3255
26.5135  3208
26.5905  3179
26.6675  3154
26.7445  3077
26.8215  3106
26.8985  3062
26.9755  3098
27.0525  3048
27.1295  2933
27.2065  2908
27.2835  2959
27.3605  3000
27.4375  2975
27.5145  2916
27.5915  2875
27.6685  2764
27.7455  2820
27.8225  2719
27.8995  2789
27.9765  2806
28.0535  2740
28.1305  2740
28.2075  2751
28.2845  2704
28.3615  2693
28.4385  2644
28.5155  2713
28.5925  2693
28.6695  2623
28.7465  2528
28.8235  2550
28.9005  2682
28.9775  2535
29.0545  2493
29.1315  2522
29.2085  2513
29.2855  2431
29.3625  2364
29.4395  2453
29.5165  2369
29.5935  2382
29.6705  2338
29.7475  2308
29.8245  2356
29.9015  2334
29.9785  2352
30.0555  2342
30.1325  2291
30.2095  2310
30.2865  2349
30.3635  2177
30.4405  2303
30.5175  2242
30.5945  2255
30.6715  2177
30.7485  2218
30.8255  2094
30.9025  2194
30.9795  2190
31.0565  2134
31.1335  2146
31.2105  2190
31.2875  2036
31.3645  2210
31.4415  2056
31.5185  2005
31.5955  2010
31.6725  2024
31.7495  2003
31.8265  1955
31.9035  1915
31.9805  1929
32.0575  2016
32.1345  1928
32.2115  1939
32.2885  1976
32.3655  1911
32.4425  1952
32.5195  1849
32.5965  1915
32.6735  1822
32.7505  1921
32.8275  1824
32.9045  1858
32.9815  1805
33.0585  1844
33.1355  1827
33.2125  1777
33.2895  1770
33.3665  1773
33.4435  1694
33.5205  1712
33.5975  1723
33.6745  1742
33.7515  1733
33.8285  1667
33.9055  1734
33.9825  1791
34.0595  1661
34.1365  1715
34.2135  1709
34.2905  1660
34.3675  1670
34.4445  1646
34.5215  1640
34.5985  1681
34.6755  1608
34.7525  1662
34.8295  1634
34.9065  1637
34.9835  1574
35.0605  1656
35.1375  1558
35.2145  1668
35.2915  1615
35.3685  1600
35.4455  1644
35.5225  1566
35.5995  1574
35.6765  1553
35.7535  1516
35.8305  1556
35.9075  1493
35.9845  1518
36.0615  1503
36.1385  1593
36.2155  1551
36.2925  1526
36.3695  1495
36.4465  1532
36.5235  1550
36.6005  1493
36.6775  1559
36.7545  1521
36.8315  1533
36.9085  1473
36.9855  1406
37.0625  1568
37.1395  1515
37.2165  1465
37.2935  1486
37.3705  1498
37.4475  1532
37.5245  1504
37.6015  1506
37.6785  1573
37.7555  1594
37.8325  1475
37.9095  1606
37.9865  1617
38.0635  1611
38.1405  1619
38.2175  1638
38.2945  1487
38.3715  1590
38.4485  1523
38.5255  1635
38.6025  1554
38.6795  1640
38.7565  1660
38.8335  1716
38.9105  1728
38.9875  1748
39.0645  1801
39.1415  1909
39.2185  2032
39.2955  2121
39.3725  2282
39.4495  2461
39.5265  2819
39.6035  3201
39.6805  3981
39.7575  5036
39.8345  6777
39.9115  9440
39.9885  13846
40.0655  19767
40.1425  29104
40.2195  42199
40.2965  58655
40.3735  73019
40.4505  79289
40.5275  72577
40.6045  58549
40.6815  39573
40.7585  20221
40.8355  10624
40.9125  5727
40.9895  3522
41.0665  2618
41.1435  2109
41.2205  1825
41.2975  1655
41.3745  1538
41.4515  1431
41.5285  1392
41.6055  1365
41.6825  1281
41.7595  1294
41.8365  1192
41.9135  1175
41.9905  1174
42.0675  1147
42.1445  1129
42.2215  1117
42.2985  1098
42.3755  1101
42.4525  1113
42.5295  1028
42.6065  1097
42.6835  1043
42.7605  1012
42.8375  994
42.9145  948
42.9915  978
43.0685  971
43.1455  1035
43.2225  989
43.2995  1015
43.3765  977
43.4535  951
43.5305  988
43.6075  930
43.6845  996
43.7615  1032
43.8385  995
43.9155  931
43.9925  991
44.0695  887
44.1465  899
44.2235  936
44.3005  940
44.3775  953
44.4545  945
44.5315  952
44.6085  917
44.6855  923
44.7625  834
44.8395  916
44.9165  835
44.9935  851
45.0705  825
45.1475  821
45.2245  788
45.3015  807
45.3785  829
45.4555  794
45.5325  821
45.6095  873
45.6865  840
45.7635  765
45.8405  799
45.9175  803
45.9945  820
46.0715  797
46.1485  802
46.2255  796
46.3025  748
46.3795  750
46.4565  785
46.5335  751
46.6105  774
46.6875  801
46.7645  708
46.8415  778
46.9185  728
46.9955  744
47.0725  776
47.1495  762
47.2265  707
47.3035  705
47.3805  771
47.4575  708
47.5345  787
47.6115  728
47.6885  723
47.7655  730
47.8425  686
47.9195  705
47.9965  698
48.0735  713
48.1505  649
48.2275  689
48.3045  681
48.3815  660
48.4585  725
48.5355  734
48.6125  679
48.6895  675
48.7665  686
48.8435  684
48.9205  705
48.9975  636
49.0745  692
49.1515  666
49.2285  660
49.3055  642
49.3825  656
49.4595  643
49.5365  635
49.6135  643
49.6905  634
49.7675  621
49.8445  608
49.9215  644
49.9985  622
50.0755  622
50.1525  614
50.2295  574
50.3065  598
50.3835  621
50.4605  583
50.5375  627
50.6145  683
50.6915  625
50.7685  659
50.8455  636
50.9225  625
50.9995  644
51.0765  591
51.1535  633
51.2305  632
51.3075  659
51.3845  597
51.4615  571
51.5385  590
51.6155  601
51.6925  597
51.7695  612
51.8465  587
51.9235  589
52.0005  578
52.0775  554
52.1545  590
52.2315  563
52.3085  599
52.3855  609
52.4625  602
52.5395  599
52.6165  605
52.6935  563
52.7705  591
52.8475  613
52.9245  620
53.0015  604
53.0785  583
53.1555  549
53.2325  593
53.3095  601
53.3865  583
53.4635  565
53.5405  530
53.6175  584
53.6945  561
53.7715  517
53.8485  562
53.9255  544
54.0025  552
54.0795  570
54.1565  523
54.2335  511
54.3105  522
54.3875  528
54.4645  520
54.5415  552
54.6185  547
54.6955  505
54.7725  548
54.8495  548
54.9265  511
55.0035  497
55.0805  542
55.1575  562
55.2345  518
55.3115  555
55.3885  493
55.4655  535
55.5425  541
55.6195  489
55.6965  504
55.7735  534
55.8505  486
55.9275  512
56.0045  506
56.0815  496
56.1585  527
56.2355  529
56.3125  497
56.3895  559
56.4665  528
56.5435  507
56.6205  497
56.6975  499
56.7745  506
56.8515  513
56.9285  506
57.0055  514
57.0825  499
57.1595  551
57.2365  512
57.3135  498
57.3905  556
57.4675  543
57.5445  586
57.6215  583
57.6985  622
57.7755  609
57.8525  643
57.9295  671
58.0065  766
58.0835  948
58.1605  1165
58.2375  1493
58.3145  1960
58.3915  2520
58.4685  3140
58.5455  3414
58.6225  3250
58.6995  2754
58.7765  2242
58.8535  1676
58.9305  1200
59.0075  860
59.0845  739
59.1615  627
59.2385  565
59.3155  538
59.3925  518
59.4695  528
59.5465  498
59.6235  474
59.7005  472
59.7775  484
59.8545  474
59.9315  470
60.0085  432
60.0855  471
60.1625  455
60.2395  472
60.3165  472
60.3935  427
60.4705  412
60.5475  435
60.6245  472
60.7015  481
60.7785  441
60.8555  464
60.9325  402
61.0095  451
61.0865  429
61.1635  454
61.2405  438
61.3175  435
61.3945  437
61.4715  438
61.5485  448
61.6255  457
61.7025  446
61.7795  420
61.8565  484
61.9335  458
62.0105  438
62.0875  441
62.1645  431
62.2415  464
62.3185  455
62.3955  422
62.4725  443
62.5495  443
62.6265  421
62.7035  486
62.7805  416
62.8575  404
62.9345  450
63.0115  436
63.0885  474
63.1655  432
63.2425  442
63.3195  397
63.3965  407
63.4735  454
63.5505  417
63.6275  392
63.7045  435
63.7815  435
63.8585  427
63.9355  409
64.0125  418
64.0895  454
64.1665  409
64.2435  434
64.3205  416
64.3975  422
64.4745  409
64.5515  405
64.6285  404
64.7055  416
64.7825  423
64.8595  410
64.9365  432
65.0135  422
65.0905  409
65.1675  435
65.2445  424
65.3215  395
65.3985  420
65.4755  440
65.5525  448
65.6295  400
65.7065  356
65.7835  338
65.8605  398
65.9375  434
66.0145  416
66.0915  419
66.1685  437
66.2455  450
66.3225  376
66.3995  394
66.4765  419
66.5535  408
66.6305  425
66.7075  355
66.7845  423
66.8615  385
66.9385  430
67.0155  403
67.0925  400
67.1695  382
67.2465  397
67.3235  404
67.4005  388
67.4775  461
67.5545  392
67.6315  411
67.7085  451
67.7855  386
67.8625  401
67.9395  383
68.0165  412
68.0935  421
68.1705  440
68.2475  399
68.3245  438
68.4015  422
68.4785  411
68.5555  386
68.6325  459
68.7095  430
68.7865  372
68.8635  403
68.9405  436
69.0175  445
69.0945  444
69.1715  438
69.2485  458
69.3255  409
69.4025  423
69.4795  396
69.5565  449
69.6335  399
69.7105  465
69.7875  442
69.8645  471
69.9415  464
70.0185  412
70.0955  424
70.1725  402
70.2495  450
70.3265  451
70.4035  412
70.4805  414
70.5575  473
70.6345  429
70.7115  429
70.7885  462
70.8655  474
70.9425  408
71.0195  466
71.0965  483
71.1735  429
71.2505  467
71.3275  464
71.4045  431
71.4815  499
71.5585  460
71.6355  456
71.7125  461
71.7895  462
71.8665  521
71.9435  528
72.0205  519
72.0975  572
72.1745  560
72.2515  587
72.3285  631
72.4055  668
72.4825  682
72.5595  729
72.6365  795
72.7135  877
72.7905  971
72.8675  1158
72.9445  1257
73.0215  1555
73.0985  1902
73.1755  2613
73.2525  3663
73.3295  4937
73.4065  6866
73.4835  8790
73.5605  10239
73.6375  10574
73.7145  10101
73.7915  8398
73.8685  6514
73.9455  4721
74.0225  3194
74.0995  2117
74.1765  1518
74.2535  1105
74.3305  818
74.4075  719
74.4845  661
74.5615  610
74.6385  559
74.7155  533
74.7925  491
74.8695  491
74.9465  496
75.0235  495
75.1005  446
75.1775  429
75.2545  429
75.3315  434
75.4085  416
75.4855  401
75.5625  399
75.6395  438
75.7165  388
75.7935  395
75.8705  400
75.9475  397
76.0245  353
76.1015  363
76.1785  381
76.2555  414
76.3325  407
76.4095  404
76.4865  398
76.5635  391
76.6405  369
76.7175  383
76.7945  376
76.8715  347
76.9485  373
77.0255  376
77.1025  359
77.1795  376
77.2565  374
77.3335  315
77.4105  364
77.4875  344
77.5645  381
77.6415  351
77.7185  345
77.7955  350
77.8725  363
77.9495  351
78.0265  328
78.1035  370
78.1805  375
78.2575  344
78.3345  310
78.4115  361
78.4885  335
78.5655  329
78.6425  344
78.7195  337
78.7965  309
78.8735  325
78.9505  331
79.0275  321
79.1045  336
79.1815  341
79.2585  341
79.3355  332
79.4125  341
79.4895  344
79.5665  341
79.6435  328
79.7205  298
79.7975  335
79.8745  332
79.9515  305
80.0285  337
80.1055  329
80.1825  306
80.2595  326
80.3365  350
80.4135  346
80.4905  351
80.5675  309
80.6445  334
80.7215  316
80.7985  347
80.8755  311
80.9525  310
81.0295  305
81.1065  334
81.1835  354
81.2605  357
81.3375  344
81.4145  337
81.4915  324
81.5685  322
81.6455  323
81.7225  331
81.7995  352
81.8765  329
81.9535  354
82.0305  330
82.1075  311
82.1845  378
82.2615  354
82.3385  345
82.4155  333
82.4925  320
82.5695  329
82.6465  328
82.7235  316
82.8005  325
82.8775  330
82.9545  335
83.0315  346
83.1085  334
83.1855  284
83.2625  308
83.3395  339
83.4165  328
83.4935  322
83.5705  315
83.6475  310
83.7245  352
83.8015  313
83.8785  289
83.9555  335
84.0325  350
84.1095  331
84.1865  293
84.2635  316
84.3405  304
84.4175  333
84.4945  323
84.5715  333
84.6485  334
84.7255  331
84.8025  306
84.8795  298
84.9565  311
85.0335  357
85.1105  333
85.1875  340
85.2645  365
85.3415  341
85.4185  316
85.4955  328
85.5725  318
85.6495  332
85.7265  337
85.8035  373
85.8805  360
85.9575  364
86.0345  330
86.1115  347
86.1885  372
86.2655  379
86.3425  348
86.4195  375
86.4965  410
86.5735  362
86.6505  453
86.7275  442
86.8045  478
86.8815  547
86.9585  556
87.0355  645
87.1125  741
87.1895  868
87.2665  1131
87.3435  1370
87.4205  1625
87.4975  1798
87.5745  1884
87.6515  1900
87.7285  1736
87.8055  1511
87.8825  1234
87.9595  987
88.0365  796
88.1135  716
88.1905  573
88.2675  452
88.3445  423
88.4215  414
88.4985  372
88.5755  378
88.6525  344
88.7295  365
88.8065  341
88.8835  364
88.9605  334
89.0375  352
89.1145  366
89.1915  325
89.2685  344
89.3455  344
89.4225  341
89.4995  325
89.5765  342
89.6535  350
89.7305  327
89.8075  318
89.8845  310
89.9615  313
