# Read the symmetry of structure from the SYMMETRY.in file if it exists. 
  229          #Space group number of the input structure
 
Symmetry Operation:    96
  1  0  0
  0  1  0
  0  0  1
 
 -1  0  0
  0 -1  0
  0  0 -1
 
  0 -1  0
  1  0  0
  0  0  1
 
  0  1  0
 -1  0  0
  0  0 -1
 
 -1  0  0
  0 -1  0
  0  0  1
 
  1  0  0
  0  1  0
  0  0 -1
 
  0  1  0
 -1  0  0
  0  0  1
 
  0 -1  0
  1  0  0
  0  0 -1
 
  1  0  0
  0 -1  0
  0  0 -1
 
 -1  0  0
  0  1  0
  0  0  1
 
  0 -1  0
 -1  0  0
  0  0 -1
 
  0  1  0
  1  0  0
  0  0  1
 
 -1  0  0
  0  1  0
  0  0 -1
 
  1  0  0
  0 -1  0
  0  0  1
 
  0  1  0
  1  0  0
  0  0 -1
 
  0 -1  0
 -1  0  0
  0  0  1
 
  0  0  1
  1  0  0
  0  1  0
 
  0  0 -1
 -1  0  0
  0 -1  0
 
  0  0  1
  0 -1  0
  1  0  0
 
  0  0 -1
  0  1  0
 -1  0  0
 
  0  0  1
 -1  0  0
  0 -1  0
 
  0  0 -1
  1  0  0
  0  1  0
 
  0  0  1
  0  1  0
 -1  0  0
 
  0  0 -1
  0 -1  0
  1  0  0
 
  0  0 -1
  1  0  0
  0 -1  0
 
  0  0  1
 -1  0  0
  0  1  0
 
  0  0 -1
  0 -1  0
 -1  0  0
 
  0  0  1
  0  1  0
  1  0  0
 
  0  0 -1
 -1  0  0
  0  1  0
 
  0  0  1
  1  0  0
  0 -1  0
 
  0  0 -1
  0  1  0
  1  0  0
 
  0  0  1
  0 -1  0
 -1  0  0
 
  0  1  0
  0  0  1
  1  0  0
 
  0 -1  0
  0  0 -1
 -1  0  0
 
  1  0  0
  0  0  1
  0 -1  0
 
 -1  0  0
  0  0 -1
  0  1  0
 
  0 -1  0
  0  0  1
 -1  0  0
 
  0  1  0
  0  0 -1
  1  0  0
 
 -1  0  0
  0  0  1
  0  1  0
 
  1  0  0
  0  0 -1
  0 -1  0
 
  0 -1  0
  0  0 -1
  1  0  0
 
  0  1  0
  0  0  1
 -1  0  0
 
 -1  0  0
  0  0 -1
  0 -1  0
 
  1  0  0
  0  0  1
  0  1  0
 
  0  1  0
  0  0 -1
 -1  0  0
 
  0 -1  0
  0  0  1
  1  0  0
 
  1  0  0
  0  0 -1
  0  1  0
 
 -1  0  0
  0  0  1
  0 -1  0
 
  1  0  0
  0  1  0
  0  0  1
 
 -1  0  0
  0 -1  0
  0  0 -1
 
  0 -1  0
  1  0  0
  0  0  1
 
  0  1  0
 -1  0  0
  0  0 -1
 
 -1  0  0
  0 -1  0
  0  0  1
 
  1  0  0
  0  1  0
  0  0 -1
 
  0  1  0
 -1  0  0
  0  0  1
 
  0 -1  0
  1  0  0
  0  0 -1
 
  1  0  0
  0 -1  0
  0  0 -1
 
 -1  0  0
  0  1  0
  0  0  1
 
  0 -1  0
 -1  0  0
  0  0 -1
 
  0  1  0
  1  0  0
  0  0  1
 
 -1  0  0
  0  1  0
  0  0 -1
 
  1  0  0
  0 -1  0
  0  0  1
 
  0  1  0
  1  0  0
  0  0 -1
 
  0 -1  0
 -1  0  0
  0  0  1
 
  0  0  1
  1  0  0
  0  1  0
 
  0  0 -1
 -1  0  0
  0 -1  0
 
  0  0  1
  0 -1  0
  1  0  0
 
  0  0 -1
  0  1  0
 -1  0  0
 
  0  0  1
 -1  0  0
  0 -1  0
 
  0  0 -1
  1  0  0
  0  1  0
 
  0  0  1
  0  1  0
 -1  0  0
 
  0  0 -1
  0 -1  0
  1  0  0
 
  0  0 -1
  1  0  0
  0 -1  0
 
  0  0  1
 -1  0  0
  0  1  0
 
  0  0 -1
  0 -1  0
 -1  0  0
 
  0  0  1
  0  1  0
  1  0  0
 
  0  0 -1
 -1  0  0
  0  1  0
 
  0  0  1
  1  0  0
  0 -1  0
 
  0  0 -1
  0  1  0
  1  0  0
 
  0  0  1
  0 -1  0
 -1  0  0
 
  0  1  0
  0  0  1
  1  0  0
 
  0 -1  0
  0  0 -1
 -1  0  0
 
  1  0  0
  0  0  1
  0 -1  0
 
 -1  0  0
  0  0 -1
  0  1  0
 
  0 -1  0
  0  0  1
 -1  0  0
 
  0  1  0
  0  0 -1
  1  0  0
 
 -1  0  0
  0  0  1
  0  1  0
 
  1  0  0
  0  0 -1
  0 -1  0
 
  0 -1  0
  0  0 -1
  1  0  0
 
  0  1  0
  0  0  1
 -1  0  0
 
 -1  0  0
  0  0 -1
  0 -1  0
 
  1  0  0
  0  0  1
  0  1  0
 
  0  1  0
  0  0 -1
 -1  0  0
 
  0 -1  0
  0  0  1
  1  0  0
 
  1  0  0
  0  0 -1
  0  1  0
 
 -1  0  0
  0  0  1
  0 -1  0
 
